#LVM I						
#t	X0=2	Y0=1.3	X0=1.5	Y0=1.5	X0=1.0	Y0=1.5
0	2	1.3	1.5	1.5	1	1.5
0.5	2.06774	1.368996	1.536483	1.53939	1.025299	1.500945
1	2.129971	1.446355	1.570607	1.582608	1.051138	1.503813
1.5	2.185124	1.532586	1.601868	1.629705	1.077421	1.508652
2	2.231546	1.628099	1.629751	1.68069	1.104038	1.51551
2.5	2.267558	1.733145	1.653737	1.735523	1.130867	1.524435
3	2.291532	1.847749	1.673324	1.794103	1.15777	1.535475
3.5	2.301989	1.971639	1.688039	1.856254	1.184595	1.548675
4	2.297709	2.10417	1.697457	1.92172	1.211176	1.564076
4.5	2.277846	2.244261	1.701221	1.990153	1.237331	1.581715
5	2.24204	2.39035	1.699058	2.061108	1.262864	1.601624
5.5	2.190499	2.54039	1.690801	2.134038	1.287569	1.623822
6	2.124046	2.691882	1.676399	2.208296	1.311225	1.648321
6.5	2.044113	2.841968	1.65593	2.283146	1.333604	1.675118
7	1.952675	2.987569	1.629604	2.357771	1.354472	1.704194
7.5	1.852126	3.125557	1.597762	2.431292	1.373591	1.735511
8	1.745117	3.252958	1.560867	2.502796	1.390724	1.769007
8.5	1.634373	3.367134	1.519488	2.571359	1.40564	1.804597
9	1.522516	3.465939	1.47428	2.636081	1.41812	1.842166
9.5	1.411916	3.547825	1.425958	2.696112	1.427958	1.881568
10	1.304578	3.611886	1.375269	2.750684	1.434975	1.922624
10.5	1.202089	3.657844	1.322967	2.799136	1.439016	1.96512
11	1.105605	3.685991	1.269784	2.840931	1.43996	2.008806
11.5	1.015871	3.697094	1.216407	2.875671	1.437727	2.053398
12	0.933279	3.692285	1.163464	2.903102	1.432278	2.098577
12.5	0.857924	3.672952	1.111506	2.923112	1.423619	2.143994
13	0.789678	3.640629	1.061002	2.935726	1.411805	2.189272
13.5	0.728249	3.596917	1.012339	2.941089	1.396939	2.234014
14	0.673237	3.543406	0.965819	2.939456	1.379172	2.27781
14.5	0.624181	3.481628	0.921667	2.931169	1.358696	2.320243
15	0.580592	3.41302	0.880037	2.916643	1.335744	2.3609
15.5	0.54198	3.338902	0.841021	2.896342	1.310583	2.399378
16	0.507872	3.260468	0.804658	2.870768	1.283503	2.435298
16.5	0.477821	3.178778	0.770946	2.840439	1.254818	2.468308
17	0.451416	3.09477	0.739848	2.805882	1.224847	2.498097
17.5	0.428283	3.009257	0.711299	2.767615	1.193916	2.524396
18	0.408086	2.922942	0.685217	2.726146	1.162344	2.546985
18.5	0.390526	2.836428	0.661509	2.681959	1.130438	2.565698
19	0.375339	2.750225	0.64007	2.635512	1.098489	2.580423
19.5	0.362295	2.664763	0.620796	2.587237	1.066765	2.591102
20	0.351193	2.580401	0.60358	2.537531	1.035509	2.597729
20.5	0.341858	2.497434	0.588318	2.486761	1.004936	2.600349
21	0.334141	2.416107	0.57491	2.435261	0.975235	2.59905
21.5	0.327915	2.336614	0.563264	2.383336	0.946563	2.593962
22	0.32307	2.259112	0.55329	2.331259	0.919052	2.585248
22.5	0.319516	2.183723	0.54491	2.279274	0.892807	2.573103
23	0.317177	2.11054	0.538049	2.2276	0.867908	2.557742
23.5	0.315992	2.03963	0.532643	2.17643	0.844416	2.539398
24	0.31591	1.97104	0.528634	2.125936	0.822371	2.518316
24.5	0.316896	1.9048	0.52597	2.076268	0.801797	2.49475
25	0.31892	1.840925	0.524609	2.027556	0.782704	2.468955
25.5	0.321964	1.779418	0.524514	1.979915	0.76509	2.441185
26	0.32602	1.72027	0.525654	1.933444	0.748944	2.411691
26.5	0.331085	1.663469	0.528005	1.888229	0.734249	2.380718
27	0.337165	1.60899	0.53155	1.844344	0.720981	2.3485
27.5	0.344274	1.55681	0.536276	1.80185	0.709113	2.315264
28	0.352431	1.506896	0.542175	1.760804	0.698615	2.281222
28.5	0.361662	1.459216	0.549244	1.721251	0.689456	2.246576
29	0.372001	1.413737	0.557486	1.68323	0.681604	2.211517
29.5	0.383485	1.370422	0.566906	1.646776	0.675029	2.176219
30	0.39616	1.329237	0.577514	1.611918	0.669699	2.140849
30.5	0.410076	1.290146	0.589323	1.578683	0.665587	2.105556
31	0.425289	1.253117	0.602349	1.547093	0.662665	2.070481
31.5	0.441861	1.218118	0.616611	1.517169	0.660909	2.035752
32	0.459861	1.18512	0.632128	1.488933	0.660295	2.001488
32.5	0.47936	1.154097	0.648924	1.462402	0.660804	1.967795
33	0.500437	1.125026	0.667022	1.437598	0.662417	1.934772
33.5	0.523175	1.097889	0.686446	1.414541	0.66512	1.902509
34	0.547663	1.072672	0.707219	1.393252	0.668898	1.871087
34.5	0.573993	1.049366	0.729364	1.373757	0.673739	1.84058
35	0.602262	1.027968	0.752901	1.356083	0.679636	1.811057
35.5	0.632569	1.008482	0.77785	1.340259	0.686578	1.78258
36	0.665017	0.990919	0.804223	1.326321	0.694561	1.755206
36.5	0.699709	0.975296	0.83203	1.314307	0.703579	1.728986
37	0.736751	0.961642	0.861274	1.30426	0.713628	1.703971
37.5	0.776244	0.949995	0.891949	1.296231	0.724703	1.680204
38	0.818289	0.940404	0.92404	1.290274	0.736802	1.657729
38.5	0.86298	0.93293	0.95752	1.286452	0.749921	1.636586
39	0.910402	0.927649	0.992348	1.284833	0.764054	1.616814
39.5	0.960629	0.924651	1.028467	1.285495	0.779196	1.59845
40	1.013719	0.924048	1.065804	1.288522	0.795339	1.581532
40.5	1.069709	0.925966	1.104261	1.294007	0.812475	1.566095
41	1.128608	0.930557	1.14372	1.302049	0.830588	1.552176
41.5	1.190393	0.937996	1.184034	1.312757	0.849664	1.539811
42	1.254998	0.948488	1.225028	1.326248	0.869681	1.529039
42.5	1.322309	0.962266	1.266496	1.342643	0.890613	1.519898
43	1.392149	0.979598	1.308196	1.362072	0.912428	1.512427
43.5	1.464268	1.000789	1.349851	1.384666	0.935086	1.506667
44	1.538333	1.026183	1.391145	1.410559	0.958542	1.502661
44.5	1.613912	1.056168	1.431726	1.439883	0.982738	1.500452
45	1.690457	1.091174	1.471202	1.472763	1.007611	1.500086
45.5	1.767298	1.131674	1.509145	1.509316	1.033083	1.50161
46	1.843621	1.178185	1.545095	1.549639	1.059067	1.50507
46.5	1.918462	1.231257	1.578564	1.593806	1.085464	1.510516
47	1.990701	1.291466	1.609044	1.641858	1.112159	1.517996
47.5	2.059058	1.359397	1.636017	1.693793	1.139025	1.527558
48	2.122106	1.435618	1.65897	1.749558	1.165921	1.539248
48.5	2.17829	1.520649	1.677404	1.809033	1.192691	1.553111
49	2.225964	1.614916	1.690856	1.872024	1.219162	1.569188
49.5	2.263449	1.718693	1.698916	1.938255	1.245149	1.587512
50	2.289105	1.83204	1.701247	2.007352	1.270454	1.608113
50.5	2.301428	1.95473	1.6976	2.078846	1.294864	1.631009
51	2.299156	2.086169	1.687835	2.152165	1.318158	1.656206
51.5	2.281387	2.225338	1.671932	2.22664	1.340104	1.683697
52	2.247692	2.37074	1.650001	2.301513	1.360466	1.713458
52.5	2.198199	2.520392	1.622285	2.37595	1.379008	1.745443
53	2.133651	2.671849	1.589156	2.449062	1.395492	1.779585
53.5	2.0554	2.822296	1.551104	2.519929	1.409692	1.815788
54	1.965354	2.96867	1.508722	2.587632	1.421391	1.85393
54.5	1.865862	3.107841	1.462681	2.651278	1.430392	1.893854
55	1.759551	3.236804	1.413708	2.710037	1.436521	1.935371
55.5	1.649147	3.352866	1.362555	2.763164	1.439634	1.978256
56	1.537295	3.453808	1.30997	2.810027	1.439622	2.022249
56.5	1.426405	3.537999	1.256678	2.850122	1.436415	2.067054
57	1.318534	3.604447	1.203352	2.883086	1.429989	2.112343
57.5	1.215328	3.652795	1.150602	2.908701	1.420365	2.157758
58	1.117998	3.683264	1.098961	2.926889	1.407613	2.202917
58.5	1.027342	3.696565	1.048877	2.937705	1.391849	2.247416
59	0.943793	3.693787	1.000715	2.941324	1.373238	2.290842
59.5	0.867484	3.67629	0.954758	2.938023	1.351985	2.33278
60	0.798311	3.645595	0.911213	2.928165	1.328334	2.372818
60.5	0.736	3.603298	0.870218	2.912177	1.302558	2.410559
61	0.680165	3.550994	0.831851	2.890535	1.274959	2.445632
61.5	0.630348	3.490226	0.796141	2.863745	1.245849	2.477697
62	0.586064	3.422443	0.763075	2.83233	1.215553	2.506453
62.5	0.546822	3.348983	0.732608	2.796814	1.184394	2.531648
63	0.512144	3.271056	0.704673	2.757716	1.152689	2.553076
63.5	0.48158	3.189741	0.679183	2.715536	1.12074	2.570589
64	0.454715	3.10599	0.656042	2.670752	1.088832	2.584091
64.5	0.431169	3.020633	0.635144	2.623819	1.057225	2.593539
65	0.410601	2.934388	0.616385	2.575156	1.026155	2.598944
65.5	0.392708	2.84787	0.599657	2.525157	0.995828	2.600364
66	0.377221	2.761599	0.58486	2.474178	0.966424	2.5979
66.5	0.363906	2.676017	0.571893	2.422547	0.938091	2.591694
67	0.352557	2.591491	0.560665	2.37056	0.910954	2.581918
67.5	0.342998	2.508325	0.551089	2.318484	0.88511	2.568773
68	0.335075	2.426768	0.543088	2.266556	0.860633	2.552482
68.5	0.328658	2.347023	0.536591	2.214989	0.837576	2.533282
69	0.323636	2.26925	0.531532	2.16397	0.815975	2.51142
69.5	0.319915	2.193575	0.527857	2.113666	0.79585	2.48715
70	0.317419	2.120096	0.525517	2.06422	0.777206	2.460729
70.5	0.316084	2.048882	0.52447	2.015761	0.760038	2.432411
71	0.315859	1.979983	0.52468	1.968399	0.744335	2.402443
71.5	0.316705	1.913431	0.526119	1.922229	0.730076	2.371068
72	0.318593	1.849242	0.528765	1.877334	0.717235	2.338518
72.5	0.321503	1.787422	0.532601	1.833784	0.705786	2.305015
73	0.325425	1.727963	0.537615	1.791642	0.695698	2.270769
73.5	0.330357	1.670852	0.543801	1.750958	0.686938	2.235979
74	0.336302	1.616068	0.551158	1.711777	0.679477	2.200829
74.5	0.343273	1.563584	0.559688	1.674138	0.673282	2.165493
75	0.35129	1.513372	0.569399	1.638073	0.668325	2.13013
75.5	0.360378	1.465399	0.580301	1.603611	0.664576	2.094889
76	0.370568	1.419631	0.592407	1.570777	0.66201	2.059906
76.5	0.381898	1.376031	0.605734	1.539594	0.660603	2.025306
77	0.394413	1.334566	0.620302	1.510083	0.660332	1.991204
77.5	0.408161	1.2952	0.636131	1.482263	0.661177	1.957704
78	0.423199	1.2579	0.653244	1.456155	0.663123	1.924903
78.5	0.439588	1.222634	0.671665	1.431777	0.666153	1.892887
79	0.457394	1.189373	0.691418	1.409152	0.670254	1.861735
79.5	0.476691	1.15809	0.712525	1.388301	0.675417	1.83152
80	0.497554	1.128762	0.73501	1.36925	0.681631	1.802308
80.5	0.520068	1.10137	0.758892	1.352027	0.68889	1.774159
81	0.544319	1.0759	0.784189	1.336663	0.697187	1.747129
81.5	0.5704	1.052341	0.810914	1.323193	0.706518	1.72127
82	0.598406	1.030691	0.839074	1.311657	0.716879	1.696629
82.5	0.628437	1.010951	0.86867	1.302101	0.728265	1.673249
83	0.660596	0.993132	0.899694	1.294575	0.740673	1.651174
83.5	0.694985	0.977251	0.932129	1.289136	0.7541	1.630443
84	0.73171	0.963335	0.965944	1.285848	0.76854	1.611094
84.5	0.770873	0.95142	1.001095	1.284782	0.783987	1.593165
85	0.812575	0.941553	1.037521	1.286016	0.800432	1.576692
85.5	0.856911	0.933795	1.075142	1.289637	0.817865	1.561711
86	0.903967	0.928219	1.113857	1.295739	0.836273	1.54826
86.5	0.953819	0.924913	1.15354	1.304425	0.855637	1.536375
87	1.006528	0.923986	1.194039	1.315806	0.875934	1.526093
87.5	1.062132	0.925562	1.235169	1.329998	0.897137	1.517454
88	1.120647	0.92979	1.276718	1.347125	0.919213	1.510498
88.5	1.182052	0.936841	1.318434	1.367319	0.942118	1.505265
89	1.24629	0.946917	1.360031	1.39071	0.965805	1.501799
89.5	1.313252	0.960245	1.401185	1.417433	0.990213	1.500145
90	1.382769	0.97709	1.441532	1.447618	1.015276	1.500347
90.5	1.454604	0.997751	1.480673	1.48139	1.040914	1.502453
91	1.528434	1.022568	1.51817	1.518859	1.067034	1.50651
91.5	1.603841	1.051922	1.553557	1.560119	1.093534	1.512567
92	1.680295	1.086237	1.58634	1.605238	1.120295	1.520674
92.5	1.75714	1.125981	1.616008	1.654245	1.147186	1.530876
93	1.833583	1.171666	1.642042	1.707127	1.174061	1.543221
93.5	1.908681	1.223837	1.66393	1.763816	1.200759	1.557751
94	1.981335	1.283068	1.681183	1.824175	1.227104	1.574506
94.5	2.050284	1.349943	1.693348	1.88799	1.252906	1.593519
95	2.114121	1.425036	1.70003	1.954962	1.277962	1.614814
95.5	2.171306	1.508874	1.700913	2.024695	1.302057	1.638408
96	2.220203	1.601899	1.695773	2.096694	1.324967	1.664302
96.5	2.259133	1.704408	1.684498	2.170362	1.346458	1.692485
97	2.286445	1.816496	1.667101	2.245009	1.366293	1.722926
97.5	2.300611	1.937974	1.643722	2.319854	1.384235	1.755574
98	2.300331	2.068304	1.614639	2.39405	1.400051	1.790352
98.5	2.284649	2.206526	1.580252	2.466696	1.413514	1.827158
99	2.253067	2.351206	1.541079	2.536872	1.424415	1.865858
99.5	2.205636	2.500426	1.497734	2.60366	1.432562	1.906286
100	2.143014	2.6518	1.450906	2.666181	1.43779	1.948244
100.5	2.066478	2.802552	1.401328	2.723623	1.439964	1.991494
101	1.977867	2.949645	1.349754	2.775266	1.438988	2.035766
101.5	1.879479	3.089947	1.29693	2.820509	1.434806	2.080754
102	1.773914	3.220424	1.24357	2.858882	1.427406	2.126121
102.5	1.663896	3.338332	1.190332	2.890058	1.416824	2.1715
103	1.552091	3.441382	1.137808	2.913852	1.403143	2.216501
103.5	1.440947	3.52786	1.08651	2.930221	1.386497	2.260719
104	1.332573	3.596691	1.036867	2.93925	1.367061	2.303738
104.5	1.228671	3.647433	0.989223	2.941142	1.345053	2.345142
105	1.130509	3.680237	0.943842	2.936196	1.320727	2.384524
105.5	1.038937	3.695754	0.900913	2.924791	1.294366	2.421494
106	0.954434	3.695031	0.860557	2.90737	1.266275	2.455689
106.5	0.877168	3.679397	0.822841	2.884417	1.236771	2.48678
107	0.807064	3.650358	0.787783	2.856444	1.20618	2.514481
107.5	0.743865	3.609504	0.75536	2.823974	1.174822	2.538552
108	0.687198	3.558434	0.725522	2.787532	1.143011	2.558807
108.5	0.636612	3.4987	0.698195	2.747631	1.111046	2.575111
109	0.591625	3.431767	0.673291	2.704769	1.079203	2.587385
109.5	0.551743	3.358986	0.650709	2.659417	1.047735	2.595604
110	0.516487	3.281585	0.630346	2.612021	1.01687	2.599792
110.5	0.485404	3.200661	0.612095	2.562996	0.986806	2.600021
111	0.458072	3.117182	0.595851	2.512724	0.957712	2.596406
111.5	0.434107	3.031994	0.581512	2.461556	0.92973	2.589097
112	0.413164	2.94583	0.56898	2.409811	0.902976	2.578277
112.5	0.394933	2.859315	0.558165	2.357779	0.877539	2.564154
113	0.379141	2.772985	0.548983	2.305718	0.853488	2.546955
113.5	0.365551	2.687289	0.541357	2.25386	0.83087	2.526921
114	0.353953	2.602604	0.535218	2.202411	0.809715	2.504302
114.5	0.344166	2.519243	0.530504	2.151553	0.790039	2.479353
115	0.336034	2.437461	0.527161	2.101447	0.771843	2.45233
115.5	0.329425	2.357466	0.525142	2.052232	0.755122	2.423485
116	0.324224	2.279424	0.524406	2.004033	0.739859	2.393065
116.5	0.320336	2.203466	0.52492	1.956955	0.726033	2.36131
117	0.317682	2.129691	0.526658	1.91109	0.713617	2.328448
117.5	0.316196	2.058174	0.529597	1.866519	0.702584	2.294698
118	0.315827	1.988966	0.533723	1.82331	0.692902	2.260267
118.5	0.316533	1.922103	0.539025	1.781521	0.68454	2.225348
119	0.318284	1.857601	0.545498	1.741202	0.677466	2.190124
119.5	0.32106	1.795467	0.553143	1.702396	0.671649	2.154763
120	0.324848	1.735696	0.561962	1.66514	0.667061	2.119422
120.5	0.329646	1.678276	0.571964	1.629466	0.663674	2.084246
121	0.335457	1.623185	0.583159	1.595402	0.661462	2.049366
121.5	0.342291	1.570399	0.595564	1.562971	0.660401	2.014906
122	0.350169	1.519888	0.609193	1.532197	0.660471	1.980976
122.5	0.359113	1.471621	0.624069	1.503099	0.661652	1.947678
123	0.369155	1.425562	0.640211	1.475697	0.663928	1.915106
123.5	0.380332	1.381678	0.657643	1.450011	0.667284	1.883344
124	0.392687	1.339932	0.676389	1.426062	0.671708	1.852469
124.5	0.406269	1.300291	0.696471	1.40387	0.677191	1.822551
125	0.421133	1.262719	0.717915	1.383458	0.683722	1.793656
125.5	0.437339	1.227186	0.740741	1.364853	0.691297	1.765841
126	0.454954	1.193661	0.764969	1.348083	0.699908	1.739161
126.5	0.474049	1.162117	0.790615	1.333181	0.709552	1.713666
127	0.4947	1.132532	0.817692	1.320182	0.720224	1.689403
127.5	0.516991	1.104885	0.846204	1.309127	0.73192	1.666415
128	0.541007	1.07916	0.876152	1.300064	0.744638	1.644743
128.5	0.56684	1.055349	0.907524	1.293045	0.758373	1.624427
129	0.594586	1.033446	0.940301	1.288127	0.773119	1.605505
129.5	0.624343	1.013454	0.974448	1.285378	0.788869	1.588013
130	0.656215	0.99538	1.009918	1.284868	0.805616	1.571989
130.5	0.690303	0.979241	1.046646	1.28668	0.823346	1.557468
131	0.726713	0.965063	1.084546	1.290901	0.842046	1.544488
131.5	0.765547	0.95288	1.123511	1.297628	0.861695	1.533085
132	0.806907	0.942739	1.16341	1.306964	0.882271	1.523298
132.5	0.850889	0.934698	1.204081	1.319023	0.903742	1.515165
133	0.897581	0.928828	1.245336	1.333924	0.926074	1.508727
133.5	0.947059	0.925217	1.28695	1.351792	0.949222	1.504025
134	0.999387	0.923968	1.328665	1.372758	0.973134	1.501104
134.5	1.054607	0.925205	1.370185	1.396955	0.997749	1.500008
135	1.112736	0.929072	1.411175	1.424515	1.022995	1.500782
135.5	1.173762	0.93574	1.451265	1.455569	1.048789	1.503475
136	1.23763	0.945402	1.490044	1.490239	1.075036	1.508134
136.5	1.30424	0.958286	1.527068	1.528631	1.101628	1.514807
137	1.373431	0.974649	1.561863	1.570833	1.128443	1.523544
137.5	1.444975	0.994787	1.593929	1.616904	1.155346	1.534392
138	1.518563	1.019033	1.622753	1.666865	1.182185	1.547395
138.5	1.593789	1.047762	1.647817	1.720691	1.208794	1.562596
139	1.670139	1.081395	1.668612	1.778295	1.234995	1.580033
139.5	1.746975	1.120392	1.684655	1.839525	1.260593	1.599735
140	1.823522	1.16526	1.695509	1.904147	1.285381	1.621727
140.5	1.898858	1.21654	1.700794	1.971837	1.309141	1.646018
141	1.971904	1.274804	1.700215	2.042176	1.331645	1.672609
141.5	2.041421	1.340634	1.693576	2.114643	1.352659	1.701481
142	2.106021	1.414608	1.680792	2.188619	1.371946	1.732598
142.5	2.164178	1.497261	1.661909	2.263389	1.389267	1.7659
143	2.214268	1.589049	1.6371	2.338156	1.404392	1.801306
143.5	2.254613	1.690293	1.606673	2.412057	1.4171	1.838702
144	2.283553	1.801116	1.57106	2.484182	1.427185	1.877945
144.5	2.29954	1.921375	1.530803	2.55361	1.434462	1.91886
145	2.301235	2.050579	1.486537	2.619431	1.438777	1.961236
145.5	2.287631	2.187827	1.438965	2.680777	1.440005	2.004826
146	2.258163	2.331753	1.388827	2.736858	1.43806	2.04935
146.5	2.212805	2.4805	1.336878	2.786982	1.432901	2.09449
147	2.152134	2.63174	1.283859	2.830577	1.42453	2.1399
147.5	2.077345	2.782744	1.230469	2.867209	1.412997	2.185206
148	1.990208	2.930501	1.177355	2.896585	1.398401	2.230013
148.5	1.892969	3.07188	1.125088	2.918555	1.380888	2.273912
149	1.788198	3.203823	1.074159	2.93311	1.360647	2.316485
149.5	1.678614	3.323537	1.024978	2.940365	1.337908	2.357318
150	1.566899	3.428665	0.977868	2.940548	1.312934	2.396009
150.5	1.455537	3.517412	0.933074	2.933979	1.286015	2.432174
151	1.34669	3.588617	0.890767	2.921055	1.257461	2.46546
151.5	1.242114	3.641756	0.851056	2.90223	1.227593	2.495551
152	1.143135	3.676907	0.813992	2.877997	1.196736	2.522174
152.5	1.050656	3.694659	0.779583	2.848871	1.165208	2.545106
153	0.965202	3.696013	0.7478	2.815378	1.13332	2.564174
153.5	0.886978	3.682269	0.718586	2.77804	1.101363	2.579261
154	0.815937	3.654913	0.691863	2.737368	1.069608	2.590306
154.5	0.751845	3.615531	0.667538	2.693852	1.038301	2.597297
155	0.694338	3.565722	0.645511	2.647958	1.007659	2.600275
155.5	0.642975	3.507049	0.625676	2.600125	0.977872	2.599324
156	0.597274	3.440988	0.607927	2.55076	0.949102	2.594571
156.5	0.556745	3.368907	0.59216	2.500237	0.921481	2.586177
157	0.520904	3.292052	0.578272	2.448899	0.895118	2.574333
157.5	0.489294	3.211536	0.56617	2.397059	0.870096	2.559252
158	0.461488	3.128344	0.555764	2.344996	0.846475	2.541167
158.5	0.437098	3.043338	0.54697	2.292965	0.824298	2.520322
159	0.415773	2.957265	0.539715	2.241189	0.803591	2.496969
159.5	0.3972	2.870764	0.533932	2.189869	0.784364	2.471365
160	0.3811	2.784382	0.529559	2.139181	0.766617	2.443762
160.5	0.367231	2.698579	0.526545	2.089282	0.75034	2.414414
161	0.35538	2.613741	0.524844	2.040306	0.735515	2.383564
161.5	0.345363	2.530189	0.524418	1.992372	0.72212	2.35145
162	0.33702	2.448185	0.525234	1.945584	0.710127	2.318296
162.5	0.330216	2.367943	0.527268	1.90003	0.699506	2.284318
163	0.324835	2.289634	0.5305	1.855787	0.690228	2.249719
163.5	0.320778	2.213394	0.534915	1.812921	0.68226	2.214689
164	0.317965	2.139326	0.540505	1.771488	0.67557	2.179407
164.5	0.316328	2.067506	0.547266	1.731537	0.670129	2.144036
165	0.315813	1.997991	0.555198	1.693108	0.665909	2.10873
165.5	0.316379	1.930816	0.564307	1.656238	0.66288	2.07363
166	0.317993	1.866001	0.5746	1.620957	0.66102	2.038865
166.5	0.320634	1.803554	0.586091	1.587291	0.660304	2.004554
167	0.324289	1.743471	0.598794	1.555265	0.660713	1.970806
167.5	0.328953	1.68574	0.612728	1.5249	0.662227	1.937719
168	0.334629	1.630342	0.627912	1.496216	0.664832	1.905384
168.5	0.341328	1.577253	0.644369	1.469234	0.668513	1.873883
169	0.349066	1.526443	0.662121	1.443972	0.67326	1.843291
169.5	0.357867	1.477881	0.681192	1.420452	0.679061	1.813677
170	0.367762	1.431532	0.701607	1.398695	0.68591	1.785103
170.5	0.378786	1.387362	0.723388	1.378724	0.693799	1.757627
171	0.390983	1.345335	0.746556	1.360567	0.702724	1.731301
171.5	0.404399	1.305417	0.771131	1.344252	0.71268	1.706175
172	0.41909	1.267573	0.797127	1.329813	0.723663	1.682294
172.5	0.435115	1.231772	0.824556	1.317287	0.73567	1.659701
173	0.45254	1.197983	0.853421	1.306717	0.748696	1.638436
173.5	0.471434	1.166179	0.88372	1.29815	0.762738	1.618539
174	0.491875	1.136335	0.915439	1.291641	0.77779	1.600047
174.5	0.513944	1.108433	0.948556	1.287249	0.793843	1.582997
175	0.537726	1.082455	0.983033	1.285042	0.81089	1.567425
175.5	0.563314	1.058391	1.018818	1.285095	0.828916	1.553367
176	0.590801	1.036236	1.055842	1.287489	0.847906	1.540861
176.5	0.620286	1.01599	1.094014	1.292316	0.867839	1.529944
177	0.651872	0.997661	1.133222	1.299673	0.888689	1.520654
177.5	0.685661	0.981265	1.173326	1.309667	0.910426	1.513031
178	0.721757	0.966825	1.21416	1.322412	0.93301	1.507115
178.5	0.760265	0.954377	1.255524	1.338029	0.956396	1.502949
179	0.801286	0.943962	1.297189	1.356646	0.980528	1.500577
179.5	0.844915	0.93564	1.338884	1.378392	1.005343	1.500043
180	0.891243	0.929478	1.380307	1.403402	1.030764	1.501394
180.5	0.940349	0.925562	1.421112	1.431808	1.056706	1.504678
181	0.992297	0.923994	1.46092	1.463738	1.08307	1.509943
181.5	1.047132	0.924894	1.499311	1.499312	1.109743	1.517237
182	1.104877	0.928404	1.535832	1.538632	1.1366	1.526609
182.5	1.165522	0.93469	1.570004	1.581779	1.1635	1.538106
183	1.229018	0.943944	1.601323	1.628805	1.190287	1.551771
183.5	1.295273	0.956387	1.629272	1.679719	1.216793	1.567647
184	1.364134	0.972274	1.653334	1.734482	1.242832	1.585768
184.5	1.435383	0.991894	1.673007	1.792994	1.268207	1.606162
185	1.508721	1.015575	1.687815	1.855081	1.292706	1.628851
185.5	1.583758	1.043689	1.697334	1.920489	1.31611	1.65384
186	1.659992	1.076647	1.701204	1.988872	1.338187	1.681126
186.5	1.736805	1.114906	1.699152	2.059785	1.358702	1.710683
187	1.81344	1.158967	1.691008	2.132683	1.377417	1.74247
187.5	1.888995	1.209366	1.676718	2.206924	1.394097	1.776421
188	1.962411	1.266672	1.656359	2.28177	1.408512	1.812443
188.5	2.032472	1.331467	1.630139	2.356407	1.420445	1.850416
189	2.097808	1.404332	1.598394	2.429956	1.429696	1.890186
189.5	2.156909	1.485808	1.561587	2.501506	1.43609	1.931568
190	2.208162	1.576365	1.520285	2.570131	1.43948	1.97434
190.5	2.249893	1.676345	1.475141	2.634932	1.439753	2.018245
191	2.280435	1.785903	1.426869	2.695056	1.436836	2.06299
191.5	2.298218	1.904933	1.376217	2.749735	1.4307	2.10825
192	2.301871	2.032995	1.323938	2.798304	1.421362	2.153669
192.5	2.290334	2.169247	1.270765	2.840225	1.408888	2.198867
193	2.26298	2.312385	1.217386	2.875098	1.39339	2.243442
193.5	2.219704	2.460618	1.164429	2.902665	1.375027	2.286983
194	2.161004	2.611677	1.112448	2.922811	1.354003	2.329071
194.5	2.087994	2.762881	1.061915	2.93556	1.330557	2.369297
195	2.002371	2.911246	1.013215	2.941054	1.304961	2.407261
195.5	1.906327	3.053648	0.966653	2.939547	1.277513	2.442589
196	1.802398	3.187008	0.922456	2.931379	1.248527	2.474938
196.5	1.693294	3.308486	0.880779	2.916963	1.218324	2.504003
197	1.581713	3.41566	0.841714	2.896764	1.18723	2.529528
197.5	1.470173	3.506656	0.805303	2.871282	1.155561	2.551303
198	1.360883	3.580226	0.771542	2.841036	1.123622	2.569174
198.5	1.255656	3.635764	0.740396	2.806551	1.091699	2.583039
199	1.155875	3.673271	0.711801	2.768348	1.060056	2.592853
199.5	1.062499	3.693276	0.685675	2.726934	1.028928	2.598621
200	0.976097	3.696731	0.661924	2.682792	0.998527	2.600396
200.5	0.896914	3.684902	0.640444	2.636383	0.969033	2.598278
201	0.824933	3.659258	0.621131	2.588138	0.940598	2.592402
201.5	0.759939	3.621375	0.603878	2.538455	0.913349	2.58294
202	0.701585	3.572855	0.588581	2.487701	0.887385	2.570091
202.5	0.649436	3.515268	0.575141	2.436212	0.862782	2.554074
203	0.603015	3.450103	0.563463	2.384292	0.839595	2.535125
203.5	0.561829	3.378745	0.553459	2.332216	0.817862	2.513493
204	0.525394	3.302455	0.54505	2.280227	0.797603	2.48943
204.5	0.493249	3.222364	0.538162	2.228545	0.778826	2.463193
205	0.464964	3.139475	0.53273	2.177365	0.761526	2.435035
205.5	0.440143	3.054663	0.528695	2.126857	0.745691	2.405205
206	0.418431	2.968692	0.526008	2.077172	0.731303	2.373948
206.5	0.39951	2.882215	0.524623	2.028442	0.718335	2.341494
207	0.383098	2.795789	0.524504	1.98078	0.706762	2.308068
207.5	0.368946	2.709886	0.525622	1.934287	0.696552	2.273881
208	0.356839	2.6249	0.527951	1.889048	0.687674	2.239132
208.5	0.346589	2.541162	0.531474	1.845138	0.680097	2.204008
209	0.338033	2.458939	0.536178	1.802618	0.67379	2.168681
209.5	0.331033	2.378454	0.542056	1.761545	0.668722	2.133315
210	0.325469	2.299881	0.549104	1.721964	0.664865	2.098057
210.5	0.321242	2.22336	0.557324	1.683915	0.662194	2.063045
211	0.318268	2.149	0.566723	1.647432	0.660683	2.028406
211.5	0.316479	2.076879	0.577309	1.612544	0.66031	1.994255
212	0.315819	2.007056	0.589096	1.579279	0.661056	1.960697
212.5	0.316244	1.93957	0.602099	1.547658	0.662903	1.927829
213	0.317721	1.874442	0.616338	1.517704	0.665835	1.895738
213.5	0.320227	1.811682	0.631832	1.489436	0.669841	1.864505
214	0.323748	1.751286	0.648604	1.462874	0.674908	1.834203
214.5	0.328278	1.693245	0.666678	1.438038	0.681028	1.804898
215	0.33382	1.63754	0.686077	1.414949	0.688193	1.776651
215.5	0.340382	1.584147	0.706825	1.393628	0.696397	1.749519
216	0.347981	1.533037	0.728944	1.374099	0.705635	1.723552
216.5	0.35664	1.484179	0.752456	1.356391	0.715903	1.698799
217	0.366388	1.437539	0.777378	1.340534	0.727197	1.675304
217.5	0.377261	1.393083	0.803726	1.32656	0.739513	1.65311
218	0.3893	1.350775	0.831507	1.31451	0.752848	1.632256
218.5	0.402552	1.31058	0.860724	1.304427	0.767197	1.612781
219	0.417071	1.272463	0.891373	1.29636	0.782553	1.594722
219.5	0.432916	1.236394	0.923438	1.290365	0.798909	1.578116
220	0.450151	1.20234	0.956892	1.286503	0.816254	1.563
220.5	0.468847	1.170274	0.991696	1.284843	0.834574	1.549409
221	0.489079	1.140173	1.027792	1.285462	0.853852	1.537381
221.5	0.510927	1.112014	1.065107	1.288445	0.874067	1.526953
222	0.534478	1.085783	1.103545	1.293883	0.89519	1.518164
222.5	0.559821	1.061466	1.142987	1.301877	0.917188	1.511055
223	0.587051	1.039058	1.183286	1.312536	0.94002	1.505665
223.5	0.616266	1.018559	1.22427	1.325974	0.963639	1.502038
224	0.647568	0.999976	1.265731	1.342315	0.987985	1.500219
224.5	0.681059	0.983323	1.307429	1.361687	1.012992	1.500251
225	0.716845	0.968623	1.349088	1.384222	1.038581	1.502183
225.5	0.755028	0.955908	1.390392	1.410053	1.064662	1.506063
226	0.79571	0.945222	1.430989	1.439313	1.091132	1.511938
226.5	0.838989	0.936619	1.470489	1.472127	1.117875	1.519858
227	0.884955	0.930166	1.508464	1.508611	1.14476	1.529869
227.5	0.933689	0.925948	1.544455	1.548864	1.171643	1.542019
228	0.985258	0.924062	1.577974	1.592959	1.198364	1.556351
228.5	1.039709	0.924628	1.608513	1.64094	1.224748	1.572904
229	1.097069	0.927784	1.635556	1.692804	1.250607	1.591712
229.5	1.157331	0.933692	1.658587	1.748499	1.275739	1.612801
230	1.220455	0.942542	1.677108	1.807908	1.29993	1.636187
230.5	1.286352	0.954549	1.690656	1.870837	1.322956	1.661874
231	1.354879	0.969964	1.698819	1.937011	1.344585	1.689851
231.5	1.425827	0.989072	1.701257	2.006059	1.364579	1.720091
232	1.498909	1.012196	1.697722	2.077514	1.382702	1.752542
232.5	1.573747	1.0397	1.688069	2.150805	1.398718	1.787132
233	1.649856	1.071991	1.672278	2.225266	1.412402	1.82376
233.5	1.726633	1.109522	1.650457	2.300139	1.423542	1.862296
234	1.80334	1.152785	1.622844	2.374592	1.431945	1.902576
234.5	1.879095	1.202313	1.58981	2.447736	1.437442	1.944405
235	1.952861	1.258671	1.551844	2.518653	1.439896	1.987549
235.5	2.023441	1.322442	1.509535	2.586422	1.439207	2.031741
236	2.089485	1.394206	1.463556	2.650151	1.435315	2.076678
236.5	2.149503	1.474514	1.41463	2.709006	1.428204	2.122025
237	2.20189	1.563846	1.36351	2.762243	1.417906	2.167418
237.5	2.244977	1.662566	1.310945	2.809225	1.4045	2.21247
238	2.277093	1.770856	1.257659	2.849448	1.388115	2.256776
238.5	2.296649	1.88865	1.204328	2.882546	1.368922	2.29992
239	2.30224	2.015556	1.151563	2.908297	1.347136	2.341487
239.5	2.29276	2.150789	1.099897	2.926621	1.323008	2.381067
240	2.267517	2.293107	1.04978	2.937572	1.296818	2.41827
240.5	2.226333	2.440786	1.00158	2.941321	1.26887	2.452729
241	2.169624	2.591617	0.955581	2.938144	1.23948	2.484112
241.5	2.098421	2.742968	0.911991	2.928402	1.208973	2.512129
242	2.014352	2.891887	0.870948	2.912523	1.177672	2.536536
242.5	1.919547	3.035258	0.832532	2.89098	1.14589	2.557141
243	1.816507	3.169984	0.796773	2.86428	1.113926	2.573805
243.5	1.707931	3.293184	0.763659	2.832945	1.082061	2.586445
244	1.596528	3.402372	0.733145	2.797501	1.05055	2.595029
244.5	1.484848	3.495594	0.705164	2.758463	1.019622	2.599578
245	1.375147	3.571518	0.67963	2.716335	0.989478	2.60016
245.5	1.269294	3.629455	0.656446	2.671596	0.960291	2.596885
246	1.168728	3.669328	0.635508	2.624698	0.932204	2.589903
246.5	1.074463	3.691602	0.616711	2.576063	0.905335	2.579391
247	0.987118	3.697181	0.599947	2.526085	0.879776	2.565557
247.5	0.906977	3.687293	0.585115	2.475121	0.855598	2.548625
248	0.834051	3.663389	0.572115	2.4235	0.832849	2.528836
248.5	0.76815	3.627033	0.560856	2.371517	0.811562	2.50644
249	0.708941	3.57983	0.551251	2.31944	0.791752	2.481691
249.5	0.655998	3.523354	0.543222	2.267507	0.773423	2.454844
250	0.608846	3.45911	0.536697	2.215932	0.756569	2.426153
250.5	0.566996	3.388497	0.531613	2.164902	0.741176	2.395865
251	0.52996	3.312792	0.527913	2.114582	0.727221	2.364221
251.5	0.497273	3.233144	0.525549	2.06512	0.71468	2.331449
252	0.4685	3.150571	0.524478	2.016642	0.703523	2.297771
252.5	0.443242	3.065968	0.524665	1.969259	0.69372	2.263393
253	0.421138	2.980111	0.526082	1.923066	0.68524	2.228511
253.5	0.401864	2.893666	0.528706	1.878147	0.678051	2.193307
254	0.385135	2.807205	0.53252	1.834572	0.672123	2.157952
254.5	0.370697	2.721208	0.537512	1.792403	0.667425	2.122603
255	0.358331	2.636081	0.543677	1.751692	0.663931	2.087406
255.5	0.347845	2.552161	0.551013	1.712483	0.661614	2.052495
256	0.339073	2.469724	0.559521	1.674815	0.66045	2.017992
256.5	0.331874	2.388998	0.56921	1.638721	0.660419	1.98401
257	0.326127	2.310163	0.58009	1.60423	0.6615	1.950651
257.5	0.321728	2.233364	0.592173	1.571366	0.663678	1.91801
258	0.318593	2.158713	0.605478	1.540152	0.666937	1.886172
258.5	0.31665	2.086292	0.620023	1.51061	0.671266	1.855214
259	0.315843	2.016162	0.635829	1.482759	0.676653	1.825207
259.5	0.316126	1.948365	0.652918	1.456619	0.683091	1.796217
260	0.317466	1.882925	0.671315	1.432209	0.690571	1.768302
260.5	0.319837	1.819851	0.691043	1.409552	0.699089	1.741518
261	0.323224	1.759143	0.712125	1.388668	0.70864	1.715914
261.5	0.327621	1.700791	0.734585	1.369584	0.71922	1.691538
262	0.333028	1.644778	0.758441	1.352327	0.730824	1.668434
262.5	0.339455	1.591081	0.783712	1.336929	0.74345	1.646642
263	0.346915	1.53967	0.81041	1.323423	0.757093	1.626202
263.5	0.355433	1.490516	0.838544	1.311852	0.771748	1.607152
264	0.365035	1.443585	0.868113	1.302259	0.787408	1.589531
264.5	0.375756	1.398842	0.899112	1.294695	0.804065	1.573373
265	0.387638	1.356252	0.93152	1.289217	0.821708	1.558715
265.5	0.400727	1.315779	0.96531	1.285889	0.840321	1.545594
266	0.415075	1.277389	1.000437	1.284781	0.859885	1.534047
266.5	0.430741	1.24105	1.03684	1.285972	0.880379	1.524113
267	0.447788	1.206732	1.074441	1.289549	0.901771	1.515829
267.5	0.466287	1.174405	1.113137	1.295605	0.924027	1.509237
268	0.486311	1.144044	1.152803	1.304242	0.947103	1.504377
268.5	0.50794	1.11563	1.193288	1.315572	0.970949	1.501293
269	0.531261	1.089144	1.234409	1.329711	0.995503	1.500031
269.5	0.556361	1.064574	1.275952	1.346784	1.020695	1.500634
270	0.583336	1.041914	1.317668	1.36692	1.046444	1.503152
270.5	0.612283	1.021162	1.35927	1.390251	1.072654	1.507632
271	0.643303	1.002325	1.400435	1.416911	1.09922	1.514122
271.5	0.676498	0.985415	1.4408	1.447032	1.12602	1.522671
272	0.711974	0.970455	1.479967	1.480736	1.152921	1.533326
272.5	0.749834	0.957476	1.517499	1.518137	1.179772	1.546134
273	0.790179	0.946518	1.552929	1.559327	1.20641	1.561135
273.5	0.833109	0.937635	1.585764	1.604374	1.232655	1.578369
274	0.878715	0.930894	1.615494	1.653309	1.258316	1.597866
274.5	0.927079	0.926375	1.641599	1.706121	1.283186	1.61965
275	0.978269	0.924174	1.663568	1.762741	1.307048	1.643734
275.5	1.032337	0.924408	1.68091	1.823034	1.329674	1.670118
276	1.089311	0.927212	1.693172	1.886789	1.350832	1.698786
276.5	1.149191	0.932746	1.699958	1.953706	1.370284	1.729702
277	1.21194	0.941194	1.70095	2.023392	1.387792	1.762811
277.5	1.277477	0.95277	1.695922	2.095354	1.403125	1.798031
278	1.345666	0.967719	1.68476	2.168998	1.416059	1.835252
278.5	1.416309	0.986321	1.667474	2.243633	1.426388	1.874336
279	1.489129	1.008893	1.644204	2.318482	1.433926	1.915109
279.5	1.563759	1.035795	1.615222	2.392698	1.438513	1.957362
280	1.639732	1.067428	1.580928	2.465381	1.440023	2.000854
280.5	1.71646	1.104238	1.541838	2.53561	1.438367	2.045306
281	1.793223	1.146712	1.498564	2.602469	1.433498	2.090404
281.5	1.86916	1.19538	1.451793	2.665076	1.425415	2.135805
282	1.943255	1.250801	1.402259	2.722617	1.414164	2.181136
282.5	2.014331	1.313557	1.350715	2.774373	1.399839	2.226005
283	2.081058	1.384231	1.297908	2.819738	1.382581	2.270003
283.5	2.141963	1.463379	1.244551	2.858241	1.362578	2.312712
284	2.195455	1.551493	1.191305	2.889551	1.340053	2.353719
284.5	2.239869	1.648955	1.138763	2.913482	1.315269	2.392619
285	2.273531	1.755977	1.087439	2.929986	1.288513	2.429027
285.5	2.294835	1.872527	1.037762	2.939149	1.260094	2.462586
286	2.302345	1.998263	0.990079	2.94117	1.230331	2.492977
286.5	2.294909	2.132455	0.944654	2.936346	1.199549	2.519923
287	2.271774	2.273925	0.901678	2.925056	1.168069	2.543195
287.5	2.232689	2.421011	0.861275	2.907741	1.136201	2.562616
288	2.177988	2.571567	0.82351	2.884885	1.10424	2.578066
288.5	2.108623	2.723013	0.788403	2.856999	1.072456	2.589476
289	2.026143	2.872431	0.755932	2.824607	1.041099	2.596832
289.5	1.932621	3.016716	0.726047	2.788233	1.010389	2.600169
290	1.830519	3.152758	0.698675	2.748392	0.980518	2.599568
290.5	1.722519	3.277637	0.673727	2.70558	0.95165	2.595152
291	1.611338	3.388803	0.651104	2.66027	0.923921	2.587078
291.5	1.499557	3.484229	0.630701	2.612907	0.897441	2.575537
292	1.389478	3.562495	0.612412	2.563908	0.872295	2.560738
292.5	1.283024	3.622829	0.596132	2.513656	0.848546	2.542914
293	1.181692	3.665077	0.581759	2.462502	0.826238	2.522308
293.5	1.08655	3.689636	0.569194	2.410765	0.805397	2.499171
294	0.998266	3.697359	0.558349	2.358736	0.786037	2.473758
294.5	0.917165	3.689439	0.549138	2.306673	0.768156	2.446326
295	0.843292	3.667301	0.541484	2.25481	0.751747	2.417125
295.5	0.776478	3.632501	0.535318	2.203351	0.736792	2.386401
296	0.716406	3.586641	0.530579	2.152481	0.723269	2.35439
296.5	0.66266	3.531305	0.527211	2.10236	0.711151	2.321321
297	0.614771	3.468006	0.525168	2.053128	0.700408	2.287409
297.5	0.572247	3.39816	0.524408	2.004909	0.69101	2.252858
298	0.534601	3.323059	0.5249	1.957809	0.682925	2.21786
298.5	0.501364	3.243872	0.526615	1.911922	0.676122	2.182593
299	0.472097	3.161632	0.529532	1.867326	0.67057	2.147224
299.5	0.446396	3.077251	0.533636	1.824091	0.66624	2.111906
300	0.423894	2.991519	0.538917	1.782275	0.663105	2.076782
300.5	0.404263	2.905118	0.545369	1.741929	0.66114	2.041982
301	0.387212	2.818629	0.552992	1.703095	0.660322	2.007626
301.5	0.372484	2.732546	0.561789	1.665811	0.66063	1.973822
302	0.359856	2.647283	0.571769	1.630107	0.662046	1.940672
302.5	0.349131	2.563186	0.582943	1.596013	0.664553	1.908266
303	0.340141	2.480539	0.595325	1.563552	0.668138	1.876686
303.5	0.332741	2.399575	0.608932	1.532747	0.672788	1.84601
304	0.326808	2.320481	0.623784	1.503618	0.678495	1.816305
304.5	0.322236	2.243406	0.639903	1.476185	0.68525	1.787635
305	0.318938	2.168464	0.657311	1.450468	0.693045	1.760057
305.5	0.316841	2.095745	0.676032	1.426486	0.701877	1.733626
306	0.315887	2.025309	0.69609	1.404262	0.71174	1.70839
306.5	0.316028	1.957202	0.717509	1.383817	0.722631	1.684395
307	0.317229	1.891448	0.740309	1.365179	0.734546	1.661684
307.5	0.319464	1.828061	0.764511	1.348375	0.747481	1.640298
308	0.322718	1.767041	0.790131	1.333438	0.761431	1.620276
308.5	0.326981	1.708378	0.817181	1.320403	0.776392	1.601656
309	0.332255	1.652057	0.845668	1.309313	0.792355	1.584474
309.5	0.338545	1.598055	0.875589	1.300213	0.809313	1.568767
310	0.345868	1.546343	0.906935	1.293155	0.827251	1.554572
310.5	0.354244	1.496893	0.939686	1.288199	0.846155	1.541924
311	0.363701	1.449669	0.973809	1.285408	0.866004	1.530862
311.5	0.374272	1.404638	1.009255	1.284857	0.886773	1.521424
312	0.385998	1.361765	1.04596	1.286626	0.908431	1.513649
312.5	0.398924	1.321014	1.08384	1.290802	0.930941	1.507578
313	0.413102	1.282351	1.122787	1.297481	0.954256	1.503252
313.5	0.42859	1.245743	1.162669	1.306769	0.978324	1.500716
314	0.445451	1.211158	1.203328	1.318777	1.00308	1.500014
314.5	0.463753	1.178569	1.244574	1.333624	1.02845	1.501194
315	0.483571	1.14795	1.286184	1.351437	1.054349	1.504301
315.5	0.504983	1.119279	1.327899	1.372344	1.080679	1.509386
316	0.528075	1.092538	1.369426	1.39648	1.107329	1.516495
316.5	0.552934	1.067716	1.410429	1.423978	1.134175	1.525678
317	0.579656	1.044803	1.450539	1.454967	1.161077	1.536981
317.5	0.608336	1.023799	1.489346	1.489569	1.187881	1.55045
318	0.639075	1.004707	1.526407	1.527891	1.21442	1.566124
318.5	0.671977	0.987542	1.561247	1.570023	1.240509	1.584041
319	0.707145	0.972322	1.593367	1.616023	1.265952	1.60423
319.5	0.744683	0.959078	1.622255	1.665913	1.290539	1.626711
320	0.784694	0.94785	1.647393	1.719668	1.314051	1.651494
320.5	0.827277	0.93869	1.668271	1.777204	1.336257	1.678572
321	0.872524	0.931661	1.684406	1.838369	1.356923	1.707927
321.5	0.920518	0.926842	1.695358	1.902931	1.37581	1.739515
322	0.971331	0.924328	1.700749	1.970568	1.392683	1.773274
322.5	1.025016	0.924233	1.70028	2.040863	1.407311	1.809114
323	1.081605	0.926689	1.693753	2.113296	1.419476	1.846917
323.5	1.141102	0.931851	1.681082	2.187251	1.428977	1.886532
324	1.203475	0.939902	1.66231	2.262013	1.435635	1.927778
324.5	1.268649	0.951051	1.637607	2.336788	1.439301	1.970434
325	1.336497	0.965538	1.60728	2.410712	1.439858	2.014248
325.5	1.406829	0.983639	1.571757	2.482879	1.437231	2.05893
326	1.47938	1.005666	1.53158	2.552365	1.431385	2.104158
326.5	1.553795	1.031973	1.487382	2.618259	1.422334	2.149578
327	1.629622	1.062955	1.439864	2.679695	1.410138	2.194812
327.5	1.706287	1.099053	1.389766	2.73588	1.394907	2.23946
328	1.783093	1.140748	1.337844	2.786118	1.376795	2.283111
328.5	1.859194	1.188565	1.284838	2.829838	1.356001	2.325348
329	1.933596	1.243059	1.23145	2.8666	1.332763	2.365758
329.5	2.005145	1.304811	1.178325	2.896111	1.307349	2.403941
330	2.072529	1.374405	1.126037	2.918218	1.280055	2.439521
330.5	2.134294	1.452401	1.07508	2.932909	1.251194	2.472152
331	2.188861	1.539303	1.025864	2.940296	1.221088	2.501525
331.5	2.234573	1.635513	0.978714	2.940606	1.190061	2.527378
332	2.269752	1.741265	0.933875	2.934157	1.158431	2.549498
332.5	2.292778	1.856566	0.891521	2.921347	1.126505	2.567726
333	2.302187	1.98112	0.851762	2.902626	1.094569	2.581955
333.5	2.296782	2.11425	0.814649	2.878487	1.06289	2.592135
334	2.275751	2.254841	0.780192	2.849447	1.031707	2.598266
334.5	2.238771	2.401297	0.748361	2.81603	1.001233	2.600398
335	2.186095	2.551534	0.7191	2.778758	0.97165	2.598625
335.5	2.118593	2.703023	0.692332	2.738142	0.943114	2.593081
336	2.03774	2.852886	0.667964	2.694674	0.915754	2.583935
336.5	1.945545	2.998031	0.645896	2.64882	0.88967	2.571382
337	1.844428	3.135337	0.626021	2.601019	0.864942	2.555641
337.5	1.737051	3.261848	0.608235	2.551678	0.841626	2.536947
338	1.626138	3.374958	0.592432	2.501173	0.819761	2.515546
338.5	1.514297	3.472562	0.578511	2.449847	0.799369	2.491692
339	1.403874	3.553157	0.566377	2.398014	0.780458	2.46564
339.5	1.296845	3.615886	0.55594	2.345953	0.763025	2.437645
340	1.194764	3.660515	0.547118	2.293919	0.747059	2.407956
340.5	1.098757	3.687375	0.539835	2.242136	0.732541	2.376818
341	1.00954	3.697263	0.534025	2.190806	0.719447	2.344463
341.5	0.927481	3.691335	0.529627	2.140106	0.707749	2.311116
342	0.852657	3.670991	0.526588	2.09019	0.697417	2.276989
342.5	0.784924	3.637775	0.524864	2.041196	0.688421	2.242283
343	0.723983	3.593287	0.524414	1.993243	0.680728	2.207185
343.5	0.669426	3.539116	0.525209	1.946432	0.674307	2.17187
344	0.620789	3.476787	0.52722	1.900855	0.669129	2.1365
344.5	0.577584	3.40773	0.53043	1.856588	0.665164	2.101227
345	0.53932	3.333255	0.534824	1.813696	0.662387	2.066188
345.5	0.505526	3.254546	0.540392	1.772236	0.660772	2.03151
346	0.475757	3.172656	0.547131	1.732257	0.660298	1.997311
346.5	0.449606	3.08851	0.555042	1.6938	0.660943	1.963695
347	0.4267	3.002915	0.564129	1.656901	0.662692	1.930761
347.5	0.406706	2.916567	0.574401	1.62159	0.665527	1.898597
348	0.38933	2.83006	0.585869	1.587895	0.669436	1.867284
348.5	0.374308	2.743898	0.59855	1.555838	0.674408	1.836895
349	0.361414	2.658505	0.612461	1.525443	0.680433	1.807497
349.5	0.350447	2.574236	0.627622	1.496728	0.687504	1.779153
350	0.341237	2.491383	0.644055	1.469714	0.695615	1.751918
350.5	0.333634	2.410185	0.661783	1.444421	0.70476	1.725844
351	0.327513	2.330834	0.68083	1.420868	0.714935	1.700979
351.5	0.322766	2.253484	0.70122	1.399079	0.726137	1.677369
352	0.319304	2.178255	0.722975	1.379075	0.738361	1.655056
352.5	0.317052	2.105237	0.746118	1.360884	0.751604	1.63408
353	0.315949	2.034497	0.770667	1.344535	0.765862	1.614479
353.5	0.315948	1.966079	0.796637	1.330061	0.781128	1.596291
354	0.31701	1.900013	0.824039	1.3175	0.797394	1.579553
354.5	0.31911	1.836313	0.852878	1.306893	0.81465	1.5643
355	0.322229	1.77498	0.88315	1.298289	0.832883	1.550571
355.5	0.326359	1.716006	0.914844	1.291742	0.852076	1.5384
356	0.331499	1.659376	0.947935	1.287311	0.872207	1.527827
356.5	0.337654	1.605068	0.982387	1.285063	0.893249	1.518889
357	0.344839	1.553056	1.018149	1.285073	0.91517	1.511626
357.5	0.353074	1.503308	1.055151	1.287424	0.937929	1.506079
358	0.362386	1.455791	1.093303	1.292205	0.961479	1.502292
358.5	0.372808	1.410473	1.132493	1.299515	0.985762	1.500307
359	0.384378	1.367316	1.172582	1.30946	1.010713	1.500171
359.5	0.397143	1.326286	1.213404	1.322153	1.036253	1.50193
360	0.411152	1.287348	1.254761	1.337716	1.062294	1.505632
360.5	0.426464	1.25047	1.296422	1.356276	1.088733	1.511326
361	0.443139	1.215619	1.33812	1.377964	1.115457	1.519059
361.5	0.461246	1.182768	1.37955	1.402912	1.142335	1.52888
362	0.480859	1.151889	1.42037	1.431255	1.169224	1.540835
362.5	0.502055	1.122962	1.4602	1.463119	1.195966	1.554969
363	0.52492	1.095967	1.498621	1.498625	1.222388	1.57132
363.5	0.54954	1.070891	1.535181	1.537875	1.248303	1.589923
364	0.57601	1.047725	1.569401	1.580952	1.273509	1.610806
364.5	0.604425	1.026468	1.600776	1.627906	1.297794	1.633984
365	0.634886	1.007123	1.628791	1.678749	1.320934	1.659464
365.5	0.667496	0.989702	1.65293	1.733442	1.342698	1.687236
366	0.702358	0.974223	1.672687	1.791886	1.36285	1.717273
366.5	0.739576	0.960716	1.687589	1.85391	1.381151	1.749528
367	0.779255	0.949219	1.697209	1.91926	1.397367	1.783929
367.5	0.821491	0.939781	1.701185	1.987591	1.41127	1.820378
368	0.866381	0.932466	1.699244	2.058462	1.422648	1.858748
368.5	0.914007	0.92735	1.691213	2.13133	1.431304	1.898878
369	0.964443	0.924525	1.677036	2.205553	1.437069	1.940577
369.5	1.017746	0.924102	1.656787	2.280395	1.439802	1.983613
370	1.07395	0.926212	1.630671	2.355043	1.4394	2.027722
370.5	1.133063	0.931007	1.599024	2.42862	1.435798	2.072605
371	1.195058	0.938664	1.562305	2.500215	1.428977	2.11793
371.5	1.259868	0.94939	1.52108	2.568902	1.418963	2.163335
372	1.327372	0.96342	1.476	2.633781	1.405833	2.208434
372.5	1.397389	0.981025	1.427779	2.693998	1.38971	2.252823
373	1.469664	1.002514	1.377164	2.748783	1.370762	2.296089
373.5	1.543857	1.028233	1.324909	2.79747	1.3492	2.337815
374	1.619526	1.058572	1.271745	2.839518	1.325272	2.377591
374.5	1.696118	1.093966	1.218364	2.874522	1.299256	2.415024
375	1.77295	1.134891	1.165395	2.902225	1.271453	2.449744
375.5	1.849198	1.181867	1.113391	2.922508	1.24218	2.481417
376	1.923888	1.235445	1.062827	2.935391	1.211761	2.509748
376.5	1.995886	1.296203	1.014091	2.941017	1.180518	2.53449
377	2.063902	1.364725	0.967488	2.939635	1.148766	2.555444
377.5	2.126498	1.441579	0.923246	2.931586	1.116808	2.572467
378	2.182112	1.527277	0.881521	2.917281	1.084923	2.585471
378.5	2.229092	1.622237	0.842408	2.897184	1.05337	2.594421
379	2.265761	1.726721	0.805948	2.871794	1.022381	2.599331
379.5	2.290483	1.840768	0.772139	2.841631	0.992159	2.600267
380	2.30177	1.964127	0.740945	2.80722	0.962879	2.597335
380.5	2.298381	2.096177	0.712304	2.76908	0.934687	2.59068
381	2.279447	2.235862	0.686133	2.72772	0.907704	2.580478
381.5	2.244576	2.38165	0.662339	2.683624	0.882024	2.566934
382	2.193941	2.531523	0.640819	2.637253	0.857719	2.550272
382.5	2.128329	2.683006	0.621467	2.589038	0.83484	2.530731
383	2.049138	2.833258	0.604177	2.539378	0.81342	2.508559
383.5	1.958312	2.979208	0.588845	2.488641	0.793477	2.484011
384	1.858226	3.117726	0.575372	2.437163	0.775015	2.457343
384.5	1.75152	3.245825	0.563662	2.385248	0.758028	2.428808
385	1.640922	3.360841	0.553629	2.333172	0.742504	2.398655
385.5	1.529062	3.460597	0.545191	2.28118	0.72842	2.367123
386	1.418329	3.543506	0.538276	2.229491	0.715753	2.334444
386.5	1.310752	3.608625	0.532817	2.178299	0.704473	2.300838
387	1.207943	3.655642	0.528757	2.127778	0.694549	2.266515
387.5	1.111082	3.684816	0.526045	2.078076	0.685951	2.231671
388	1.020939	3.69689	0.524637	2.029327	0.678647	2.196489
388.5	0.937923	3.692979	0.524495	1.981645	0.672607	2.161141
389	0.862145	3.674456	0.52559	1.93513	0.667799	2.125786
389.5	0.793489	3.642852	0.527898	1.889868	0.664198	2.090569
390	0.731671	3.599763	0.531399	1.845932	0.661775	2.055627
390.5	0.676295	3.546784	0.536082	1.803387	0.660509	2.021082
391	0.626903	3.48545	0.541937	1.762286	0.660376	1.987049
391.5	0.583007	3.417206	0.548964	1.722677	0.661358	1.95363
392	0.544117	3.343377	0.557163	1.6846	0.663437	1.920921
392.5	0.509757	3.265165	0.566539	1.648087	0.6666	1.889007
393	0.47948	3.18364	0.577104	1.613171	0.670832	1.857966
393.5	0.452872	3.099744	0.588868	1.579875	0.676125	1.827871
394	0.429557	3.014299	0.601849	1.548224	0.682468	1.798787
394.5	0.409196	2.928014	0.616065	1.518239	0.689855	1.770773
395	0.391489	2.841497	0.631536	1.48994	0.698279	1.743885
395.5	0.376169	2.755263	0.648285	1.463347	0.707737	1.718173
396	0.363005	2.669747	0.666334	1.438479	0.718224	1.693684
396.5	0.351794	2.585312	0.685709	1.415357	0.729736	1.670463
397	0.34236	2.502256	0.706432	1.394003	0.74227	1.648551
397.5	0.334552	2.420827	0.728526	1.374442	0.755822	1.627988
398	0.328242	2.341222	0.752012	1.3567	0.770386	1.608812
398.5	0.323319	2.2636	0.776908	1.340808	0.785956	1.59106
399	0.319691	2.188084	0.803229	1.3268	0.802523	1.574768
399.5	0.317283	2.11477	0.830983	1.314714	0.820077	1.559974
400	0.316031	2.043725	0.860175	1.304594	0.838604	1.546713
400.5	0.315886	1.974998	0.890797	1.29649	0.858083	1.535023
401	0.31681	1.90862	0.922836	1.290456	0.878494	1.524941
401.5	0.318773	1.844606	0.956266	1.286554	0.899807	1.516507
402	0.321759	1.78296	0.991045	1.284853	0.921986	1.50976
402.5	0.325755	1.723675	1.027118	1.28543	0.944991	1.504743
403	0.330761	1.666736	1.064412	1.288369	0.968769	1.501498
403.5	0.336781	1.612122	1.10283	1.293761	0.993262	1.500069
404	0.343829	1.559807	1.142254	1.301707	1.0184	1.500502
404.5	0.351924	1.509762	1.182539	1.312316	1.044102	1.502846
405	0.361091	1.461952	1.223512	1.325702	1.070275	1.507146
405.5	0.371364	1.416345	1.264967	1.341989	1.096814	1.513453
406	0.38278	1.372904	1.306663	1.361304	1.123598	1.521815
406.5	0.395384	1.331594	1.348324	1.383779	1.150496	1.532278
407	0.409225	1.292382	1.389638	1.409549	1.177358	1.54489
407.5	0.424361	1.255233	1.430252	1.438744	1.204022	1.559692
408	0.440852	1.220116	1.469776	1.471492	1.23031	1.576723
408.5	0.458765	1.187001	1.507783	1.507907	1.256032	1.596015
409	0.478174	1.155863	1.543815	1.54809	1.280982	1.617592
409.5	0.499157	1.126678	1.577383	1.592115	1.304944	1.641469
410	0.521795	1.099428	1.607982	1.640024	1.327691	1.667646
410.5	0.546178	1.074099	1.635094	1.691817	1.348991	1.696109
411	0.572398	1.050681	1.658203	1.747443	1.368607	1.726824
411.5	0.60055	1.029172	1.676811	1.806784	1.3863	1.759738
412	0.630734	1.009573	1.690454	1.869651	1.401838	1.794772
412.5	0.663054	0.991896	1.698719	1.935768	1.414997	1.831819
413	0.697612	0.976159	1.701265	2.004768	1.425569	1.870741
413.5	0.734513	0.962389	1.697841	2.076183	1.433365	1.911369
414	0.77386	0.950623	1.688302	2.149446	1.438224	1.953499
414.5	0.815752	0.94091	1.672623	2.223892	1.440015	1.99689
415	0.860285	0.93331	1.65091	2.298765	1.438647	2.041267
415.5	0.907545	0.927898	1.623401	2.373233	1.434069	2.086321
416	0.957606	0.924764	1.590463	2.446409	1.426274	2.131709
416.5	1.010527	0.924016	1.552582	2.517376	1.415305	2.177063
417	1.066346	0.925782	1.510347	2.585211	1.401252	2.22199
417.5	1.125075	0.930212	1.464429	2.649021	1.384253	2.266083
418	1.186692	0.93748	1.41555	2.707973	1.364488	2.308926
418.5	1.251135	0.947786	1.364464	2.761319	1.34218	2.350103
419	1.318291	0.961365	1.311919	2.808422	1.317589	2.389209
419.5	1.387988	0.97848	1.25864	2.848772	1.290998	2.425857
420	1.459982	0.999436	1.205304	2.882003	1.262715	2.459687
420.5	1.533944	1.024573	1.152524	2.907891	1.233061	2.490375
421	1.609447	1.054278	1.100833	2.926351	1.202357	2.517641
421.5	1.685953	1.088976	1.050685	2.937436	1.170927	2.541252
422	1.762798	1.129141	1.002447	2.941315	1.139082	2.561027
422.5	1.839176	1.175284	0.956405	2.938262	1.107117	2.576838
423	1.914133	1.227956	0.912769	2.928638	1.075307	2.588614
423.5	1.986558	1.28773	0.871678	2.912867	1.043902	2.596335
424	2.055181	1.355192	0.833214	2.891423	1.013125	2.600031
424.5	2.118581	1.430912	0.797406	2.864814	0.983172	2.59978
425	2.175212	1.515414	0.764243	2.833559	0.954207	2.595702
425.5	2.223431	1.609129	0.733683	2.798185	0.926371	2.587951
426	2.26156	1.712345	0.705656	2.759209	0.899774	2.576714
426.5	2.287953	1.825134	0.680078	2.717134	0.874505	2.5622
427	2.301095	1.947288	0.656852	2.672438	0.850628	2.544638
427.5	2.299707	2.078238	0.635874	2.625576	0.828189	2.524273
428	2.282864	2.21699	0.617037	2.57697	0.807215	2.501353
428.5	2.250105	2.362077	0.600237	2.527013	0.787721	2.476136
429	2.201524	2.511542	0.58537	2.476064	0.769708	2.448875
429.5	2.137826	2.662968	0.572338	2.424452	0.753167	2.419823
430	2.060331	2.813556	0.561048	2.372473	0.738081	2.389226
430.5	1.970917	2.960255	0.551413	2.320396	0.72443	2.357323
431	1.871908	3.099933	0.543356	2.268459	0.712187	2.32434
431.5	1.765922	3.229572	0.536804	2.216875	0.701321	2.290495
432	1.655683	3.346456	0.531694	2.165833	0.691803	2.255994
432.5	1.543847	3.448336	0.527969	2.115499	0.683601	2.221028
433	1.43284	3.533542	0.52558	2.06602	0.676683	2.185779
433.5	1.324743	3.601047	0.524486	2.017523	0.67102	2.150412
434	1.221227	3.650455	0.524651	1.970119	0.666581	2.115084
434.5	1.123526	3.681957	0.526045	1.923903	0.663339	2.079937
435	1.032463	3.696237	0.528647	1.87896	0.66127	2.045103
435.5	0.948492	3.694367	0.532439	1.83536	0.66035	2.010702
436	0.871759	3.677692	0.53741	1.793165	0.660557	1.976844
436.5	0.802174	3.647727	0.543553	1.752426	0.661873	1.943631
437	0.739471	3.606066	0.550867	1.713189	0.664283	1.911154
437.5	0.683268	3.554306	0.559355	1.675493	0.667771	1.879497
438	0.633112	3.493993	0.569022	1.63937	0.672326	1.848736
438.5	0.588517	3.426584	0.579879	1.604849	0.677938	1.818941
439	0.548993	3.353422	0.591941	1.571955	0.684598	1.790175
439.5	0.51406	3.275726	0.605223	1.540711	0.6923	1.762497
440	0.483267	3.194582	0.619745	1.511138	0.701039	1.73596
440.5	0.456196	3.11095	0.635527	1.483256	0.710809	1.710614
441	0.432465	3.025667	0.652593	1.457084	0.721607	1.686506
441.5	0.411732	2.939456	0.670965	1.432642	0.73343	1.663677
442	0.393689	2.852939	0.690669	1.409952	0.746273	1.64217
442.5	0.378068	2.766641	0.711726	1.389036	0.760132	1.622024
443	0.364631	2.681008	0.73416	1.369918	0.775002	1.603276
443.5	0.353172	2.596411	0.75799	1.352628	0.790876	1.585963
444	0.343512	2.513157	0.783235	1.337195	0.807744	1.570121
444.5	0.335497	2.431501	0.809907	1.323654	0.825594	1.555788
445	0.328995	2.351644	0.838014	1.312047	0.844412	1.543
445.5	0.323894	2.273752	0.867558	1.302417	0.864177	1.531794
446	0.3201	2.197952	0.89853	1.294815	0.884864	1.522207
446.5	0.317534	2.124342	0.930913	1.289299	0.906443	1.514281
447	0.316132	2.052993	0.964678	1.28593	0.928878	1.508054
447.5	0.315843	1.983958	0.99978	1.284781	0.952123	1.503569
448	0.316627	1.917268	1.036161	1.285929	0.976125	1.50087
448.5	0.318455	1.85294	1.07374	1.289461	1.000822	1.500001
449	0.321305	1.790981	1.112417	1.295471	1.02614	1.501009
449.5	0.325168	1.731384	1.152067	1.30406	1.051995	1.503941
450	0.33004	1.674136	1.192538	1.315339	1.078291	1.508845
450.5	0.335926	1.619216	1.23365	1.329425	1.104917	1.51577
451	0.342837	1.566599	1.275187	1.346443	1.131751	1.524764
451.5	0.350792	1.516255	1.316901	1.366522	1.158654	1.535874
452	0.359816	1.468151	1.358508	1.389793	1.185473	1.549146
452.5	0.36994	1.422254	1.399684	1.416391	1.212043	1.56462
453	0.381202	1.378529	1.440068	1.446447	1.23818	1.582334
453.5	0.393646	1.336939	1.479261	1.480085	1.26369	1.602317
454	0.407321	1.297452	1.516827	1.517416	1.288364	1.624591
454.5	0.422282	1.260031	1.5523	1.558536	1.311982	1.649165
455	0.43859	1.224647	1.585187	1.603512	1.334315	1.676038
455.5	0.456311	1.191269	1.614978	1.652376	1.355129	1.705188
456	0.475518	1.159871	1.641155	1.705117	1.374187	1.736577
456.5	0.496287	1.130429	1.663205	1.761668	1.39125	1.770144
457	0.518702	1.102924	1.680636	1.821895	1.40609	1.805801
457.5	0.542849	1.077341	1.692995	1.885588	1.418486	1.843432
458	0.56882	1.053671	1.699885	1.952451	1.428234	1.882891
458.5	0.59671	1.031908	1.700985	2.02209	1.435155	1.923998
459	0.62662	1.012057	1.696069	2.094015	1.439096	1.966538
459.5	0.658651	0.994125	1.685021	2.167634	1.439937	2.010259
460	0.692907	0.978129	1.667846	2.242258	1.437599	2.054875
460.5	0.729492	0.964097	1.644684	2.317111	1.432044	2.100068
461	0.768509	0.952064	1.615803	2.391346	1.42328	2.145486
461.5	0.81006	0.942075	1.581603	2.464065	1.411364	2.190752
462	0.854238	0.934192	1.542595	2.534348	1.3964	2.23547
462.5	0.901133	0.928485	1.499392	2.601276	1.378541	2.279228
463	0.950819	0.925044	1.452679	2.663969	1.35798	2.321609
463.5	1.003359	0.923974	1.403189	2.72161	1.334951	2.3622
464	1.058793	0.9254	1.351675	2.773478	1.309721	2.4006
464.5	1.117137	0.929467	1.298885	2.818966	1.282585	2.43643
465	1.178375	0.936348	1.245532	2.857598	1.253852	2.46934
465.5	1.242449	0.94624	1.192278	2.889042	1.223845	2.499018
466	1.309255	0.959371	1.139719	2.913109	1.192887	2.525198
466.5	1.378628	0.976002	1.088368	2.92975	1.161299	2.547662
467	1.450335	0.996431	1.038657	2.939046	1.129387	2.566245
467.5	1.524059	1.020994	0.990935	2.941195	1.097441	2.580838
468	1.599386	1.05007	0.945467	2.936493	1.065729	2.591384
468.5	1.675795	1.084082	0.902445	2.925319	1.034492	2.597878
469	1.752637	1.123495	0.861993	2.90811	1.003946	2.600367
469.5	1.829129	1.168816	0.82418	2.885352	0.974276	2.598941
470	1.904334	1.220592	0.789024	2.857553	0.94564	2.593731
470.5	1.977164	1.279393	0.756505	2.825239	0.918169	2.584902
471	2.046368	1.345804	0.726573	2.788934	0.891967	2.572648
471.5	2.110546	1.4204	0.699156	2.749152	0.867114	2.557185
472	2.168165	1.503712	0.674164	2.706389	0.843669	2.538747
472.5	2.217594	1.596188	0.651499	2.661121	0.821672	2.517579
473	2.257153	1.698137	0.631057	2.613793	0.801146	2.493936
473.5	2.28519	1.809665	0.61273	2.564821	0.782102	2.468072
474	2.300165	1.930604	0.596414	2.514588	0.764536	2.440242
474.5	2.300762	2.060437	0.582006	2.463447	0.748439	2.410696
475	2.286001	2.19823	0.569409	2.411719	0.733791	2.379678
475.5	2.255355	2.34258	0.558533	2.359693	0.72057	2.347423
476	2.208841	2.491595	0.549293	2.307628	0.708747	2.314157
476.5	2.147081	2.642915	0.541611	2.255759	0.698294	2.280092
477	2.071315	2.793785	0.535418	2.204292	0.689178	2.24543
477.5	1.983352	2.941179	0.530653	2.153409	0.681369	2.21036
478	1.885468	3.081964	0.527261	2.103272	0.674834	2.175057
478.5	1.780249	3.213096	0.525194	2.054023	0.669545	2.139687
479	1.670417	3.331808	0.524411	2.005784	0.665472	2.104399
479.5	1.558647	3.435782	0.52488	1.958663	0.662589	2.069333
480	1.447402	3.523268	0.526573	1.912753	0.660871	2.034618
480.5	1.338815	3.593151	0.529468	1.868133	0.660294	2.000371
481	1.234612	3.644954	0.53355	1.824873	0.66084	1.966699
481.5	1.136087	3.678796	0.538809	1.78303	0.662489	1.933699
482	1.044112	3.695301	0.54524	1.742656	0.665227	1.901463
482.5	0.959188	3.695495	0.552841	1.703794	0.66904	1.87007
483	0.881498	3.680695	0.561617	1.666481	0.673917	1.839594
483.5	0.810979	3.652398	0.571576	1.630749	0.679847	1.810105
484	0.747386	3.612192	0.582727	1.596625	0.686824	1.781663
484.5	0.690348	3.561678	0.595087	1.564134	0.694841	1.754326
485	0.639419	3.502411	0.608671	1.533298	0.703893	1.728145
485.5	0.594117	3.435861	0.6235	1.504138	0.713976	1.70317
486	0.553949	3.363388	0.639596	1.476674	0.725085	1.679445
486.5	0.518435	3.286226	0.65698	1.450925	0.737217	1.657013
487	0.487119	3.205481	0.675677	1.426911	0.750369	1.635915
487.5	0.459579	3.122128	0.69571	1.404654	0.764535	1.616188
488	0.435426	3.037019	0.717103	1.384177	0.779711	1.597872
488.5	0.414314	2.950894	0.739878	1.365505	0.795887	1.581001
489	0.395932	2.864384	0.764054	1.348667	0.813054	1.565613
489.5	0.380005	2.77803	0.789648	1.333695	0.8312	1.551745
490	0.366291	2.692286	0.816672	1.320625	0.850307	1.539432
490.5	0.354582	2.607533	0.845132	1.309499	0.870355	1.528713
491	0.344693	2.524087	0.875027	1.300362	0.891316	1.519626
491.5	0.336468	2.442206	0.906347	1.293266	0.913159	1.512211
492	0.329773	2.362101	0.939072	1.28827	0.935845	1.506508
492.5	0.324492	2.283941	0.97317	1.28544	0.959325	1.50256
493	0.32053	2.207858	1.008593	1.284847	0.983545	1.500411
493.5	0.317805	2.133953	1.045275	1.286572	1.008438	1.500107
494	0.316253	2.062302	1.083134	1.290703	1.033929	1.501693
494.5	0.315819	1.992958	1.122062	1.297336	1.059928	1.505218
495	0.316463	1.925956	1.161929	1.306574	1.086337	1.51073
495.5	0.318154	1.861316	1.202576	1.318531	1.113039	1.518277
496	0.32087	1.799044	1.243813	1.333326	1.139909	1.527908
496.5	0.324599	1.739135	1.285418	1.351082	1.166804	1.539669
497	0.329338	1.681577	1.327134	1.371932	1.193566	1.553604
497.5	0.335089	1.62635	1.368666	1.396007	1.220024	1.569754
498	0.341863	1.57343	1.409683	1.423442	1.245993	1.588153
498.5	0.349679	1.522787	1.449813	1.454366	1.271271	1.608829
499	0.358559	1.474389	1.488648	1.4889	1.295649	1.631801
499.5	0.368536	1.428202	1.525744	1.527154	1.318901	1.657073
500	0.379645	1.384191	1.56063	1.569215	1.340799	1.68464
