#LVM II					at equilibrium	
#t	X0=2	Y0=1.3	X0=0.5	Y0=0.5	x	y
0	2	1.3	0.5	0.5	1	1.9
0.5	2.046943	1.368293	0.537709	0.488109	1	1.9
1	2.087042	1.443318	0.578475	0.477436	1	1.9
1.5	2.119211	1.525216	0.622512	0.467987	1	1.9
2	2.142416	1.614001	0.670045	0.459776	1	1.9
2.5	2.155718	1.709519	0.721302	0.452826	1	1.9
3	2.158333	1.811417	0.776519	0.447169	1	1.9
3.5	2.149684	1.919103	0.835931	0.442849	1	1.9
4	2.129455	2.031724	0.899776	0.439924	1	1.9
4.5	2.097633	2.148156	0.968283	0.438467	1	1.9
5	2.054541	2.267006	1.041672	0.438567	1	1.9
5.5	2.000842	2.38664	1.120146	0.440335	1	1.9
6	1.937528	2.505238	1.203884	0.443907	1	1.9
6.5	1.86588	2.620855	1.293029	0.449446	1	1.9
7	1.787401	2.731518	1.38768	0.457149	1	1.9
7.5	1.703747	2.835319	1.487872	0.467255	1	1.9
8	1.616629	2.930505	1.593567	0.480049	1	1.9
8.5	1.527733	3.015566	1.704628	0.495874	1	1.9
9	1.43864	3.089301	1.820799	0.515139	1	1.9
9.5	1.350763	3.15085	1.941676	0.538334	1	1.9
10	1.265305	3.199714	2.066679	0.566045	1	1.9
10.5	1.183237	3.235745	2.195013	0.598965	1	1.9
11	1.105293	3.25911	2.325633	0.63792	1	1.9
11.5	1.031987	3.270249	2.457198	0.68388	1	1.9
12	0.963629	3.269822	2.588032	0.737983	1	1.9
12.5	0.900359	3.258653	2.716081	0.801544	1	1.9
13	0.842179	3.237678	2.838878	0.876066	1	1.9
13.5	0.788981	3.207895	2.95352	0.96323	1	1.9
14	0.740581	3.170326	3.056678	1.064864	1	1.9
14.5	0.696738	3.125983	3.144632	1.182879	1	1.9
15	0.65718	3.075845	3.213376	1.319153	1	1.9
15.5	0.621619	3.020836	3.258785	1.475356	1	1.9
16	0.589762	2.961818	3.276879	1.652703	1	1.9
16.5	0.561323	2.899582	3.264173	1.851642	1	1.9
17	0.536027	2.834847	3.218102	2.071499	1	1.9
17.5	0.513617	2.768256	3.137478	2.310135	1	1.9
18	0.493854	2.700383	3.022881	2.563702	1	1.9
18.5	0.47652	2.631735	2.876908	2.826586	1	1.9
19	0.461417	2.562755	2.704158	3.091622	1	1.9
19.5	0.448368	2.493829	2.510915	3.350613	1	1.9
20	0.437216	2.42529	2.304547	3.595088	1	1.9
20.5	0.427819	2.357425	2.092743	3.817164	1	1.9
21	0.420056	2.290478	1.882725	4.01033	1	1.9
21.5	0.41382	2.224653	1.680619	4.169988	1	1.9
22	0.409018	2.160125	1.491071	4.293686	1	1.9
22.5	0.405573	2.097037	1.317142	4.38102	1	1.9
23	0.403418	2.035507	1.160415	4.433313	1	1.9
23.5	0.402497	1.975631	1.021264	4.453171	1	1.9
24	0.402765	1.917485	0.899159	4.444014	1	1.9
24.5	0.404187	1.86113	0.792979	4.409661	1	1.9
25	0.406737	1.80661	0.701271	4.354009	1	1.9
25.5	0.410394	1.753959	0.622445	4.280798	1	1.9
26	0.415147	1.703201	0.554911	4.193474	1	1.9
26.5	0.420991	1.654351	0.497167	4.09511	1	1.9
27	0.427928	1.607415	0.447846	3.988385	1	1.9
27.5	0.435963	1.562395	0.405734	3.875591	1	1.9
28	0.44511	1.519288	0.369774	3.758659	1	1.9
28.5	0.455385	1.478088	0.339057	3.639196	1	1.9
29	0.466811	1.438786	0.312809	3.518527	1	1.9
29.5	0.479414	1.40137	0.290378	3.397729	1	1.9
30	0.493223	1.365828	0.271212	3.277675	1	1.9
30.5	0.508271	1.332149	0.25485	3.159062	1	1.9
31	0.524597	1.300319	0.240906	3.04244	1	1.9
31.5	0.542238	1.270328	0.229058	2.928237	1	1.9
32	0.561236	1.242165	0.219038	2.816784	1	1.9
32.5	0.581635	1.215824	0.21062	2.708327	1	1.9
33	0.603479	1.191298	0.203619	2.603044	1	1.9
33.5	0.626812	1.168586	0.197879	2.501058	1	1.9
34	0.651678	1.147689	0.193274	2.402448	1	1.9
34.5	0.678122	1.128612	0.189696	2.307255	1	1.9
35	0.706184	1.111365	0.187059	2.21549	1	1.9
35.5	0.735901	1.095964	0.185294	2.127141	1	1.9
36	0.767306	1.082429	0.184344	2.042177	1	1.9
36.5	0.800427	1.070787	0.184164	1.960552	1	1.9
37	0.835281	1.061072	0.184721	1.882207	1	1.9
37.5	0.871878	1.053324	0.185992	1.807076	1	1.9
38	0.910215	1.047594	0.18796	1.735084	1	1.9
38.5	0.950274	1.043939	0.190616	1.666153	1	1.9
39	0.992022	1.042427	0.193961	1.600201	1	1.9
39.5	1.035405	1.043135	0.197997	1.537143	1	1.9
40	1.080346	1.046152	0.202738	1.476893	1	1.9
40.5	1.126743	1.051576	0.208198	1.419367	1	1.9
41	1.174465	1.059519	0.214401	1.364479	1	1.9
41.5	1.223345	1.070104	0.221374	1.312146	1	1.9
42	1.273184	1.083466	0.22915	1.262285	1	1.9
42.5	1.323739	1.099753	0.237767	1.214816	1	1.9
43	1.374728	1.119124	0.247269	1.169662	1	1.9
43.5	1.425819	1.141748	0.257705	1.126748	1	1.9
44	1.476635	1.167802	0.269128	1.086001	1	1.9
44.5	1.526749	1.197471	0.2816	1.047353	1	1.9
45	1.575685	1.230941	0.295185	1.010738	1	1.9
45.5	1.622919	1.268395	0.309955	0.976094	1	1.9
46	1.667884	1.310008	0.325987	0.943364	1	1.9
46.5	1.709976	1.355937	0.343366	0.912493	1	1.9
47	1.748563	1.406314	0.362181	0.883431	1	1.9
47.5	1.782994	1.461232	0.382527	0.856132	1	1.9
48	1.812619	1.520732	0.404509	0.830554	1	1.9
48.5	1.836805	1.584789	0.428234	0.806661	1	1.9
49	1.854957	1.653297	0.453817	0.784422	1	1.9
49.5	1.866543	1.726053	0.481381	0.76381	1	1.9
50	1.871119	1.802742	0.511051	0.744803	1	1.9
50.5	1.868352	1.882925	0.542961	0.727389	1	1.9
51	1.858044	1.966034	0.577247	0.711557	1	1.9
51.5	1.840153	2.051363	0.614051	0.697308	1	1.9
52	1.814801	2.138081	0.653517	0.684649	1	1.9
52.5	1.782286	2.225241	0.695789	0.673593	1	1.9
53	1.743074	2.311798	0.741013	0.664167	1	1.9
53.5	1.697786	2.396648	0.789332	0.656406	1	1.9
54	1.647178	2.478654	0.840882	0.650357	1	1.9
54.5	1.592112	2.556693	0.895791	0.64608	1	1.9
55	1.533516	2.629695	0.954176	0.643652	1	1.9
55.5	1.472352	2.696685	1.016136	0.643165	1	1.9
56	1.409575	2.756816	1.081745	0.64473	1	1.9
56.5	1.346099	2.809395	1.151049	0.648484	1	1.9
57	1.28277	2.853906	1.224057	0.654583	1	1.9
57.5	1.220342	2.890014	1.300731	0.663218	1	1.9
58	1.159463	2.917564	1.380975	0.674608	1	1.9
58.5	1.10067	2.936571	1.464626	0.689011	1	1.9
59	1.044386	2.947207	1.551438	0.706729	1	1.9
59.5	0.990926	2.949773	1.641068	0.728108	1	1.9
60	0.940508	2.944683	1.733061	0.753548	1	1.9
60.5	0.893263	2.932432	1.826832	0.783511	1	1.9
61	0.849246	2.913576	1.921649	0.818517	1	1.9
61.5	0.808455	2.888711	2.016616	0.859157	1	1.9
62	0.770838	2.858451	2.110656	0.906092	1	1.9
62.5	0.736307	2.823411	2.202498	0.960046	1	1.9
63	0.704747	2.784198	2.290672	1.021808	1	1.9
63.5	0.676028	2.741397	2.373509	1.092211	1	1.9
64	0.650008	2.695565	2.449154	1.172109	1	1.9
64.5	0.626542	2.647223	2.515597	1.262339	1	1.9
65	0.605483	2.596857	2.570722	1.363665	1	1.9
65.5	0.58669	2.544915	2.612385	1.476706	1	1.9
66	0.570027	2.491803	2.638515	1.601844	1	1.9
66.5	0.555366	2.437891	2.647248	1.739113	1	1.9
67	0.542586	2.383511	2.637071	1.888087	1	1.9
67.5	0.531578	2.328959	2.606988	2.047767	1	1.9
68	0.522241	2.2745	2.556668	2.216491	1	1.9
68.5	0.514486	2.220366	2.486562	2.391896	1	1.9
69	0.508232	2.166762	2.397962	2.570942	1	1.9
69.5	0.503406	2.113867	2.292983	2.750022	1	1.9
70	0.499946	2.061837	2.17445	2.925146	1	1.9
70.5	0.497798	2.010805	2.045712	3.092203	1	1.9
71	0.496916	1.960889	1.910394	3.247242	1	1.9
71.5	0.497261	1.912186	1.772129	3.386762	1	1.9
72	0.4988	1.864782	1.634305	3.507932	1	1.9
72.5	0.50151	1.818745	1.499871	3.608751	1	1.9
73	0.50537	1.774137	1.371209	3.688097	1	1.9
73.5	0.510367	1.731006	1.25008	3.7457	1	1.9
74	0.516492	1.689393	1.137647	3.782041	1	1.9
74.5	0.523741	1.649333	1.034531	3.798206	1	1.9
75	0.532115	1.610851	0.940909	3.795725	1	1.9
75.5	0.541619	1.57397	0.856614	3.776416	1	1.9
76	0.552259	1.538708	0.781232	3.742244	1	1.9
76.5	0.564048	1.50508	0.714192	3.695211	1	1.9
77	0.576999	1.473098	0.654832	3.637267	1	1.9
77.5	0.591127	1.442771	0.602457	3.570256	1	1.9
78	0.60645	1.41411	0.556374	3.495873	1	1.9
78.5	0.622987	1.387122	0.51592	3.415652	1	1.9
79	0.640757	1.361816	0.480478	3.330954	1	1.9
79.5	0.659779	1.338203	0.449484	3.242972	1	1.9
80	0.680074	1.316292	0.422429	3.152742	1	1.9
80.5	0.701657	1.296095	0.398863	3.061152	1	1.9
81	0.724545	1.277629	0.378389	2.968956	1	1.9
81.5	0.74875	1.260909	0.360659	2.876792	1	1.9
82	0.77428	1.245956	0.345372	2.785192	1	1.9
82.5	0.801139	1.232794	0.332267	2.694599	1	1.9
83	0.829324	1.22145	0.32112	2.605374	1	1.9
83.5	0.858824	1.211958	0.311737	2.517813	1	1.9
84	0.889619	1.204354	0.303955	2.432153	1	1.9
84.5	0.92168	1.198679	0.297635	2.348579	1	1.9
85	0.954964	1.194982	0.292659	2.267239	1	1.9
85.5	0.989415	1.193316	0.288928	2.188239	1	1.9
86	1.024962	1.19374	0.286361	2.111661	1	1.9
86.5	1.061515	1.196319	0.28489	2.037557	1	1.9
87	1.098966	1.201124	0.284463	1.965961	1	1.9
87.5	1.137185	1.208233	0.285037	1.896888	1	1.9
88	1.176018	1.217728	0.286581	1.830339	1	1.9
88.5	1.215288	1.229697	0.289072	1.766303	1	1.9
89	1.25479	1.244233	0.292498	1.704759	1	1.9
89.5	1.294294	1.261431	0.296852	1.64568	1	1.9
90	1.33354	1.281389	0.302136	1.589031	1	1.9
90.5	1.37224	1.304202	0.30836	1.534774	1	1.9
91	1.41008	1.329967	0.315537	1.482865	1	1.9
91.5	1.446719	1.35877	0.32369	1.433262	1	1.9
92	1.481793	1.39069	0.332844	1.385917	1	1.9
92.5	1.514919	1.425791	0.343033	1.340784	1	1.9
93	1.545697	1.464117	0.354294	1.297816	1	1.9
93.5	1.573722	1.505689	0.366671	1.256968	1	1.9
94	1.598587	1.550492	0.380211	1.218194	1	1.9
94.5	1.619895	1.598474	0.394969	1.181452	1	1.9
95	1.637268	1.649539	0.411002	1.146699	1	1.9
95.5	1.650359	1.703534	0.428372	1.113899	1	1.9
96	1.658866	1.760249	0.447148	1.083015	1	1.9
96.5	1.66254	1.819408	0.4674	1.054014	1	1.9
97	1.661202	1.880666	0.489204	1.026869	1	1.9
97.5	1.654748	1.943608	0.51264	1.001555	1	1.9
98	1.643161	2.00775	0.537788	0.978051	1	1.9
98.5	1.626515	2.072545	0.564735	0.956344	1	1.9
99	1.604977	2.137388	0.593567	0.936423	1	1.9
99.5	1.578805	2.20163	0.624372	0.918284	1	1.9
100	1.548345	2.26459	0.657237	0.901931	1	1.9
100.5	1.514016	2.325576	0.69225	0.887374	1	1.9
101	1.4763	2.383902	0.729494	0.87463	1	1.9
101.5	1.435728	2.438908	0.769049	0.863725	1	1.9
102	1.392862	2.489977	0.810988	0.854696	1	1.9
102.5	1.348272	2.536557	0.855374	0.847588	1	1.9
103	1.302527	2.578174	0.902261	0.842459	1	1.9
103.5	1.256175	2.614441	0.951683	0.839379	1	1.9
104	1.209727	2.645069	1.00366	0.838434	1	1.9
104.5	1.163652	2.669869	1.058186	0.839722	1	1.9
105	1.118366	2.688748	1.115225	0.843362	1	1.9
105.5	1.074228	2.701711	1.174711	0.849489	1	1.9
106	1.031537	2.708846	1.236534	0.858259	1	1.9
106.5	0.990539	2.710321	1.30054	0.869853	1	1.9
107	0.95142	2.706369	1.366521	0.884474	1	1.9
107.5	0.91432	2.697277	1.434204	0.902352	1	1.9
108	0.879331	2.683374	1.503251	0.923745	1	1.9
108.5	0.846508	2.665021	1.573242	0.94894	1	1.9
109	0.815873	2.642598	1.643674	0.978253	1	1.9
109.5	0.787418	2.616495	1.713952	1.012027	1	1.9
110	0.761116	2.587107	1.783384	1.050634	1	1.9
110.5	0.736922	2.554822	1.851175	1.094466	1	1.9
111	0.714779	2.520019	1.916431	1.143929	1	1.9
111.5	0.69462	2.483064	1.978163	1.199435	1	1.9
112	0.676375	2.444304	2.035293	1.261383	1	1.9
112.5	0.659969	2.404066	2.086678	1.33014	1	1.9
113	0.645327	2.362657	2.131129	1.406017	1	1.9
113.5	0.632377	2.32036	2.16745	1.489234	1	1.9
114	0.621046	2.277439	2.194481	1.579883	1	1.9
114.5	0.611268	2.234132	2.21115	1.67789	1	1.9
115	0.602977	2.19066	2.216537	1.782965	1	1.9
115.5	0.596117	2.147221	2.209933	1.894567	1	1.9
116	0.590631	2.103994	2.190906	2.011868	1	1.9
116.5	0.58647	2.061141	2.159358	2.133731	1	1.9
117	0.583591	2.018805	2.115555	2.258712	1	1.9
117.5	0.581955	1.977116	2.060152	2.385083	1	1.9
118	0.581526	1.936189	1.994182	2.510881	1	1.9
118.5	0.582275	1.896124	1.919011	2.633987	1	1.9
119	0.584176	1.857011	1.836275	2.752222	1	1.9
119.5	0.587209	1.818929	1.747789	2.863459	1	1.9
120	0.591355	1.781949	1.655447	2.96573	1	1.9
120.5	0.596602	1.74613	1.561123	3.05733	1	1.9
121	0.602939	1.711527	1.466573	3.136891	1	1.9
121.5	0.610358	1.678187	1.373367	3.20343	1	1.9
122	0.618854	1.646151	1.282837	3.256372	1	1.9
122.5	0.628426	1.615456	1.196049	3.295534	1	1.9
123	0.639071	1.586135	1.113802	3.321094	1	1.9
123.5	0.650791	1.558217	1.036642	3.333536	1	1.9
124	0.663587	1.531729	0.964889	3.333587	1	1.9
124.5	0.677462	1.506696	0.898671	3.322158	1	1.9
125	0.692418	1.48314	0.837964	3.300282	1	1.9
125.5	0.708456	1.461084	0.782627	3.269054	1	1.9
126	0.725579	1.44055	0.732433	3.229593	1	1.9
126.5	0.743784	1.42156	0.687102	3.183003	1	1.9
127	0.763068	1.404135	0.64632	3.130342	1	1.9
127.5	0.783427	1.388299	0.609758	3.07261	1	1.9
128	0.804849	1.374077	0.57709	3.010731	1	1.9
128.5	0.827321	1.361493	0.547996	2.945551	1	1.9
129	0.850822	1.350576	0.522174	2.877832	1	1.9
129.5	0.875326	1.341356	0.499341	2.808254	1	1.9
130	0.9008	1.333864	0.479238	2.737422	1	1.9
130.5	0.927202	1.328136	0.461629	2.665865	1	1.9
131	0.95448	1.324208	0.446302	2.594043	1	1.9
131.5	0.982572	1.322122	0.433066	2.522356	1	1.9
132	1.011405	1.321919	0.421752	2.451147	1	1.9
132.5	1.040893	1.323645	0.412213	2.380709	1	1.9
133	1.070936	1.327348	0.404319	2.311288	1	1.9
133.5	1.10142	1.333078	0.397958	2.243093	1	1.9
134	1.132215	1.340886	0.393032	2.176297	1	1.9
134.5	1.163176	1.350824	0.389459	2.111042	1	1.9
135	1.194139	1.362945	0.387169	2.047443	1	1.9
135.5	1.224927	1.377301	0.386106	1.985595	1	1.9
136	1.255343	1.39394	0.386221	1.92557	1	1.9
136.5	1.285176	1.412909	0.387478	1.867424	1	1.9
137	1.3142	1.434245	0.389848	1.811198	1	1.9
137.5	1.342175	1.457981	0.393313	1.756921	1	1.9
138	1.368849	1.484138	0.397859	1.704612	1	1.9
138.5	1.393963	1.512724	0.403482	1.654282	1	1.9
139	1.417253	1.543728	0.410182	1.605931	1	1.9
139.5	1.438454	1.577123	0.417967	1.559559	1	1.9
140	1.457305	1.612856	0.426849	1.515157	1	1.9
140.5	1.473554	1.650848	0.436847	1.472713	1	1.9
141	1.486965	1.690991	0.447983	1.432215	1	1.9
141.5	1.497325	1.73314	0.460286	1.393647	1	1.9
142	1.504446	1.777118	0.473785	1.356993	1	1.9
142.5	1.508178	1.822708	0.488518	1.322235	1	1.9
143	1.508409	1.869652	0.504522	1.289358	1	1.9
143.5	1.505073	1.917658	0.521841	1.258345	1	1.9
144	1.498153	1.966391	0.540517	1.229184	1	1.9
144.5	1.487684	2.015487	0.560599	1.201863	1	1.9
145	1.473755	2.064547	0.582134	1.176372	1	1.9
145.5	1.456508	2.113152	0.605173	1.152705	1	1.9
146	1.436132	2.160867	0.629765	1.13086	1	1.9
146.5	1.412866	2.207247	0.655958	1.110838	1	1.9
147	1.386988	2.251851	0.683803	1.092645	1	1.9
147.5	1.358806	2.29425	0.713342	1.076293	1	1.9
148	1.328656	2.334039	0.744619	1.061799	1	1.9
148.5	1.296889	2.370841	0.777669	1.049186	1	1.9
149	1.263862	2.404322	0.812522	1.038484	1	1.9
149.5	1.229932	2.434195	0.849198	1.02973	1	1.9
150	1.195445	2.460223	0.887707	1.022972	1	1.9
150.5	1.160731	2.482229	0.928045	1.018263	1	1.9
151	1.126097	2.500089	0.970194	1.015668	1	1.9
151.5	1.091824	2.513742	1.014116	1.015262	1	1.9
152	1.058163	2.523178	1.05975	1.017132	1	1.9
152.5	1.025334	2.52844	1.107012	1.021374	1	1.9
153	0.993524	2.529621	1.155787	1.028101	1	1.9
153.5	0.962891	2.526853	1.205929	1.037434	1	1.9
154	0.93356	2.520306	1.257255	1.049513	1	1.9
154.5	0.90563	2.510179	1.309541	1.064486	1	1.9
155	0.879175	2.496695	1.362518	1.08252	1	1.9
155.5	0.854246	2.480096	1.415871	1.103791	1	1.9
156	0.830874	2.460633	1.469232	1.128488	1	1.9
156.5	0.809072	2.438567	1.522181	1.156811	1	1.9
157	0.788842	2.414161	1.574243	1.188964	1	1.9
157.5	0.770173	2.387677	1.62489	1.225155	1	1.9
158	0.753045	2.359371	1.673543	1.265589	1	1.9
158.5	0.73743	2.329493	1.719574	1.31046	1	1.9
159	0.723298	2.298284	1.762317	1.35994	1	1.9
159.5	0.710612	2.265974	1.80108	1.414171	1	1.9
160	0.699335	2.23278	1.835155	1.473249	1	1.9
160.5	0.689429	2.198908	1.863838	1.53721	1	1.9
161	0.680856	2.16455	1.886454	1.60601	1	1.9
161.5	0.673578	2.129885	1.902378	1.679511	1	1.9
162	0.667558	2.095079	1.911067	1.757461	1	1.9
162.5	0.662763	2.060285	1.912083	1.839478	1	1.9
163	0.65916	2.025644	1.905124	1.925037	1	1.9
163.5	0.656718	1.991284	1.890051	2.013468	1	1.9
164	0.655411	1.957324	1.8669	2.103948	1	1.9
164.5	0.655212	1.923871	1.8359	2.195517	1	1.9
165	0.656098	1.891022	1.797471	2.287093	1	1.9
165.5	0.658051	1.858866	1.752216	2.377503	1	1.9
166	0.66105	1.827484	1.700901	2.465519	1	1.9
166.5	0.66508	1.796947	1.644423	2.549902	1	1.9
167	0.670127	1.767321	1.583775	2.629451	1	1.9
167.5	0.676178	1.738666	1.520001	2.703049	1	1.9
168	0.683222	1.711036	1.454156	2.769704	1	1.9
168.5	0.691249	1.68448	1.38726	2.82859	1	1.9
169	0.700251	1.659042	1.320268	2.879064	1	1.9
169.5	0.710219	1.634763	1.254037	2.920684	1	1.9
170	0.721144	1.611682	1.189312	2.953214	1	1.9
170.5	0.733019	1.589832	1.126711	2.976609	1	1.9
171	0.745834	1.569247	1.066724	2.991003	1	1.9
171.5	0.759579	1.549957	1.009722	2.996686	1	1.9
172	0.774244	1.531992	0.955959	2.994074	1	1.9
172.5	0.789815	1.515381	0.905591	2.983686	1	1.9
173	0.806277	1.50015	0.858687	2.966112	1	1.9
173.5	0.823609	1.486328	0.815248	2.941989	1	1.9
174	0.841792	1.473942	0.775219	2.911981	1	1.9
174.5	0.860797	1.463019	0.738502	2.876756	1	1.9
175	0.880594	1.453586	0.70497	2.836971	1	1.9
175.5	0.901146	1.445671	0.674477	2.793264	1	1.9
176	0.922411	1.439304	0.646863	2.74624	1	1.9
176.5	0.944339	1.434514	0.621966	2.696467	1	1.9
177	0.966874	1.43133	0.599623	2.644473	1	1.9
177.5	0.989951	1.429783	0.579675	2.590743	1	1.9
178	1.013497	1.429903	0.56197	2.535718	1	1.9
178.5	1.03743	1.431723	0.546365	2.479797	1	1.9
179	1.061657	1.435272	0.532728	2.423338	1	1.9
179.5	1.086077	1.440582	0.520936	2.366661	1	1.9
180	1.110579	1.447682	0.510878	2.310048	1	1.9
180.5	1.13504	1.4566	0.502455	2.253749	1	1.9
181	1.159329	1.46736	0.495576	2.197982	1	1.9
181.5	1.183302	1.479986	0.490162	2.142937	1	1.9
182	1.206808	1.494494	0.486145	2.088778	1	1.9
182.5	1.229688	1.510896	0.483465	2.035648	1	1.9
183	1.251774	1.529197	0.482069	1.983667	1	1.9
183.5	1.272894	1.549394	0.481915	1.932939	1	1.9
184	1.29287	1.571473	0.482968	1.883551	1	1.9
184.5	1.311522	1.595407	0.485198	1.835575	1	1.9
185	1.328673	1.621158	0.488585	1.789073	1	1.9
185.5	1.344147	1.648669	0.493112	1.744095	1	1.9
186	1.357775	1.677869	0.49877	1.70068	1	1.9
186.5	1.369398	1.708665	0.505553	1.658861	1	1.9
187	1.378872	1.740945	0.513461	1.618665	1	1.9
187.5	1.386066	1.774576	0.522499	1.580113	1	1.9
188	1.390873	1.8094	0.532674	1.543219	1	1.9
188.5	1.393207	1.845236	0.543997	1.507998	1	1.9
189	1.393009	1.881884	0.556484	1.474457	1	1.9
189.5	1.39025	1.919118	0.570152	1.442605	1	1.9
190	1.384931	1.956693	0.58502	1.412449	1	1.9
190.5	1.377084	1.994347	0.60111	1.383994	1	1.9
191	1.366773	2.031802	0.618443	1.357245	1	1.9
191.5	1.354094	2.06877	0.637044	1.332209	1	1.9
192	1.339172	2.104957	0.656934	1.308894	1	1.9
192.5	1.322159	2.140066	0.678136	1.287309	1	1.9
193	1.303234	2.173805	0.700672	1.267465	1	1.9
193.5	1.282593	2.205891	0.724559	1.249375	1	1.9
194	1.26045	2.236055	0.749814	1.233058	1	1.9
194.5	1.237029	2.26405	0.776446	1.218533	1	1.9
195	1.212561	2.28965	0.804463	1.205826	1	1.9
195.5	1.187281	2.312659	0.833862	1.194966	1	1.9
196	1.16142	2.332912	0.864634	1.185986	1	1.9
196.5	1.135201	2.350278	0.89676	1.178925	1	1.9
197	1.108839	2.364662	0.93021	1.17383	1	1.9
197.5	1.082535	2.376001	0.964941	1.170751	1	1.9
198	1.056476	2.384269	1.000895	1.169746	1	1.9
198.5	1.03083	2.389474	1.037995	1.170879	1	1.9
199	1.005749	2.391654	1.076148	1.17422	1	1.9
199.5	0.981366	2.390876	1.115238	1.179847	1	1.9
200	0.957794	2.387233	1.155127	1.187845	1	1.9
200.5	0.935132	2.380842	1.19565	1.198305	1	1.9
201	0.91346	2.371837	1.236617	1.211323	1	1.9
201.5	0.892841	2.360369	1.277809	1.227002	1	1.9
202	0.873328	2.3466	1.318975	1.245446	1	1.9
202.5	0.854955	2.330702	1.359837	1.266764	1	1.9
203	0.837751	2.312854	1.400083	1.291065	1	1.9
203.5	0.821732	2.293237	1.439373	1.318452	1	1.9
204	0.806904	2.272034	1.477338	1.349026	1	1.9
204.5	0.793269	2.249425	1.513584	1.382874	1	1.9
205	0.780823	2.22559	1.547695	1.420069	1	1.9
205.5	0.769554	2.200703	1.57924	1.460663	1	1.9
206	0.75945	2.174931	1.607782	1.504679	1	1.9
206.5	0.750496	2.148438	1.632883	1.552104	1	1.9
207	0.742672	2.121377	1.654117	1.602882	1	1.9
207.5	0.735959	2.093896	1.671081	1.656905	1	1.9
208	0.730338	2.066135	1.683411	1.714007	1	1.9
208.5	0.725788	2.038223	1.690792	1.773953	1	1.9
209	0.722289	2.010284	1.692972	1.836435	1	1.9
209.5	0.719822	1.982432	1.689777	1.901071	1	1.9
210	0.718366	1.954775	1.681122	1.9674	1	1.9
210.5	0.717904	1.927411	1.667016	2.034884	1	1.9
211	0.718418	1.900433	1.647571	2.102917	1	1.9
211.5	0.719891	1.873925	1.623003	2.170832	1	1.9
212	0.722306	1.847968	1.593624	2.237917	1	1.9
212.5	0.72565	1.822632	1.559841	2.30343	1	1.9
213	0.729907	1.797985	1.522136	2.366623	1	1.9
213.5	0.735063	1.774089	1.481058	2.42676	1	1.9
214	0.741105	1.751001	1.437198	2.483139	1	1.9
214.5	0.748019	1.728773	1.391174	2.535119	1	1.9
215	0.755793	1.707455	1.343606	2.582132	1	1.9
215.5	0.764413	1.687091	1.295104	2.6237	1	1.9
216	0.773864	1.667723	1.246243	2.659451	1	1.9
216.5	0.784133	1.64939	1.197558	2.689117	1	1.9
217	0.795203	1.63213	1.149526	2.712543	1	1.9
217.5	0.807057	1.615976	1.102564	2.729677	1	1.9
218	0.819676	1.600961	1.057024	2.740572	1	1.9
218.5	0.833039	1.587117	1.013196	2.745366	1	1.9
219	0.847123	1.574472	0.971304	2.744279	1	1.9
219.5	0.861901	1.563056	0.931516	2.737595	1	1.9
220	0.877344	1.552896	0.893949	2.725651	1	1.9
220.5	0.893418	1.544017	0.858672	2.70882	1	1.9
221	0.910087	1.536448	0.825716	2.687505	1	1.9
221.5	0.927308	1.530211	0.79508	2.662122	1	1.9
222	0.945035	1.525332	0.766738	2.633093	1	1.9
222.5	0.963217	1.521835	0.740641	2.60084	1	1.9
223	0.981795	1.519742	0.716729	2.565773	1	1.9
223.5	1.000707	1.519075	0.694928	2.528289	1	1.9
224	1.019883	1.519856	0.67516	2.488765	1	1.9
224.5	1.039248	1.522104	0.657343	2.447559	1	1.9
225	1.05872	1.525836	0.641392	2.405005	1	1.9
225.5	1.07821	1.531068	0.627225	2.361413	1	1.9
226	1.097623	1.537814	0.614763	2.317069	1	1.9
226.5	1.116858	1.546083	0.603929	2.272234	1	1.9
227	1.135808	1.555883	0.594651	2.227148	1	1.9
227.5	1.154362	1.567213	0.586864	2.182025	1	1.9
228	1.172402	1.580072	0.580505	2.137062	1	1.9
228.5	1.189809	1.59445	0.57552	2.092432	1	1.9
229	1.206457	1.61033	0.571858	2.048291	1	1.9
229.5	1.222223	1.627687	0.569474	2.004779	1	1.9
230	1.236982	1.646488	0.56833	1.962019	1	1.9
230.5	1.25061	1.666689	0.568392	1.920119	1	1.9
231	1.262987	1.688237	0.569631	1.879175	1	1.9
231.5	1.273997	1.711063	0.572023	1.839271	1	1.9
232	1.283532	1.735091	0.575547	1.800481	1	1.9
232.5	1.291493	1.760226	0.580189	1.762869	1	1.9
233	1.297792	1.786362	0.585936	1.726492	1	1.9
233.5	1.302353	1.813379	0.592779	1.691397	1	1.9
234	1.305118	1.841143	0.600714	1.657628	1	1.9
234.5	1.306041	1.869504	0.609737	1.625222	1	1.9
235	1.305098	1.898302	0.619848	1.594212	1	1.9
235.5	1.302282	1.927361	0.631048	1.564627	1	1.9
236	1.297606	1.956499	0.643341	1.536493	1	1.9
236.5	1.291103	1.985522	0.65673	1.509834	1	1.9
237	1.282827	2.014231	0.67122	1.484672	1	1.9
237.5	1.272848	2.042422	0.686816	1.461028	1	1.9
238	1.261258	2.06989	0.703522	1.438921	1	1.9
238.5	1.248164	2.096432	0.721341	1.418373	1	1.9
239	1.233686	2.121851	0.740274	1.399404	1	1.9
239.5	1.217958	2.145955	0.76032	1.382035	1	1.9
240	1.201124	2.168566	0.781476	1.366287	1	1.9
240.5	1.183335	2.189518	0.803733	1.352186	1	1.9
241	1.164747	2.208661	0.827078	1.339757	1	1.9
241.5	1.145518	2.225864	0.851492	1.329029	1	1.9
242	1.125804	2.241018	0.876951	1.320031	1	1.9
242.5	1.10576	2.254031	0.903419	1.312797	1	1.9
243	1.085536	2.264838	0.930856	1.307364	1	1.9
243.5	1.065274	2.273392	0.95921	1.303771	1	1.9
244	1.045108	2.279673	0.988415	1.302061	1	1.9
244.5	1.025162	2.283679	1.018398	1.302279	1	1.9
245	1.005553	2.285429	1.049068	1.304474	1	1.9
245.5	0.986382	2.284964	1.080321	1.308697	1	1.9
246	0.967744	2.282339	1.112037	1.315004	1	1.9
246.5	0.949719	2.277629	1.14408	1.323449	1	1.9
247	0.932379	2.270918	1.176296	1.334091	1	1.9
247.5	0.915785	2.262307	1.208514	1.346988	1	1.9
248	0.899986	2.251904	1.240542	1.362197	1	1.9
248.5	0.885026	2.239825	1.272174	1.379772	1	1.9
249	0.870938	2.226194	1.303184	1.399767	1	1.9
249.5	0.857749	2.211137	1.33333	1.422225	1	1.9
250	0.845476	2.194784	1.362355	1.447184	1	1.9
250.5	0.834135	2.177266	1.389991	1.474671	1	1.9
251	0.823734	2.158714	1.415961	1.504697	1	1.9
251.5	0.814277	2.139258	1.43998	1.537255	1	1.9
252	0.805764	2.119025	1.461765	1.57232	1	1.9
252.5	0.798192	2.09814	1.481037	1.609837	1	1.9
253	0.791557	2.076722	1.497528	1.649726	1	1.9
253.5	0.785851	2.05489	1.510986	1.691871	1	1.9
254	0.781065	2.032754	1.521184	1.736121	1	1.9
254.5	0.777189	2.010421	1.527927	1.782285	1	1.9
255	0.774211	1.987992	1.531059	1.830128	1	1.9
255.5	0.77212	1.965565	1.530465	1.879376	1	1.9
256	0.770904	1.94323	1.526084	1.929709	1	1.9
256.5	0.770549	1.921074	1.517909	1.980769	1	1.9
257	0.771044	1.899177	1.505989	2.032157	1	1.9
257.5	0.772374	1.877616	1.490432	2.083446	1	1.9
258	0.774526	1.856461	1.471403	2.134181	1	1.9
258.5	0.777488	1.835779	1.44912	2.183893	1	1.9
259	0.781245	1.815633	1.423852	2.232106	1	1.9
259.5	0.785783	1.79608	1.395907	2.278346	1	1.9
260	0.791089	1.777175	1.365631	2.322159	1	1.9
260.5	0.797147	1.758969	1.333388	2.363114	1	1.9
261	0.803943	1.741509	1.299563	2.400818	1	1.9
261.5	0.81146	1.72484	1.264539	2.434926	1	1.9
262	0.819681	1.709002	1.228699	2.465143	1	1.9
262.5	0.828587	1.694036	1.19241	2.491236	1	1.9
263	0.83816	1.679976	1.156017	2.51303	1	1.9
263.5	0.848378	1.666858	1.11984	2.530417	1	1.9
264	0.859218	1.654713	1.084169	2.543349	1	1.9
264.5	0.870654	1.643572	1.049257	2.551838	1	1.9
265	0.88266	1.633464	1.015325	2.55595	1	1.9
265.5	0.895206	1.624414	0.982557	2.555801	1	1.9
266	0.908258	1.616449	0.951105	2.551551	1	1.9
266.5	0.92178	1.609592	0.921088	2.543396	1	1.9
267	0.935734	1.603866	0.892595	2.53156	1	1.9
267.5	0.950077	1.599292	0.865691	2.516291	1	1.9
268	0.964762	1.595888	0.840416	2.497854	1	1.9
268.5	0.979739	1.593674	0.816791	2.476522	1	1.9
269	0.994954	1.592664	0.794822	2.452575	1	1.9
269.5	1.010347	1.592874	0.774497	2.426294	1	1.9
270	1.025858	1.594316	0.755799	2.397953	1	1.9
270.5	1.041418	1.597	0.738697	2.367824	1	1.9
271	1.056957	1.600933	0.723159	2.336166	1	1.9
271.5	1.072401	1.606119	0.709144	2.30323	1	1.9
272	1.08767	1.612561	0.696612	2.269252	1	1.9
272.5	1.102683	1.620255	0.685521	2.234456	1	1.9
273	1.117356	1.629195	0.675826	2.199051	1	1.9
273.5	1.131601	1.63937	0.667487	2.163231	1	1.9
274	1.14533	1.650763	0.660462	2.127178	1	1.9
274.5	1.158452	1.663352	0.654713	2.091059	1	1.9
275	1.170879	1.677109	0.650202	2.055025	1	1.9
275.5	1.18252	1.691997	0.646896	2.019219	1	1.9
276	1.193289	1.707976	0.644764	1.983767	1	1.9
276.5	1.2031	1.724992	0.643777	1.948785	1	1.9
277	1.211874	1.742989	0.643909	1.91438	1	1.9
277.5	1.219536	1.761898	0.645136	1.880646	1	1.9
278	1.226017	1.781642	0.64744	1.84767	1	1.9
278.5	1.231257	1.802136	0.650802	1.815529	1	1.9
279	1.235204	1.823285	0.655205	1.784294	1	1.9
279.5	1.237816	1.844984	0.660638	1.754028	1	1.9
280	1.239062	1.867122	0.667087	1.724787	1	1.9
280.5	1.238923	1.889578	0.674544	1.696624	1	1.9
281	1.237393	1.912225	0.682998	1.669584	1	1.9
281.5	1.234477	1.934928	0.692444	1.643711	1	1.9
282	1.230195	1.957547	0.702872	1.619043	1	1.9
282.5	1.224579	1.979941	0.714277	1.595616	1	1.9
283	1.217672	2.001964	0.726652	1.573463	1	1.9
283.5	1.209533	2.02347	0.739989	1.552616	1	1.9
284	1.200228	2.044315	0.754279	1.533103	1	1.9
284.5	1.189836	2.064356	0.769513	1.514954	1	1.9
285	1.178444	2.083459	0.785678	1.498195	1	1.9
285.5	1.166146	2.101493	0.80276	1.482853	1	1.9
286	1.153044	2.118336	0.820742	1.468956	1	1.9
286.5	1.139242	2.133877	0.839601	1.45653	1	1.9
287	1.12485	2.148017	0.859313	1.445602	1	1.9
287.5	1.109977	2.160668	0.879846	1.436202	1	1.9
288	1.094732	2.171757	0.901164	1.428356	1	1.9
288.5	1.079225	2.181225	0.923224	1.422094	1	1.9
289	1.063561	2.189026	0.945977	1.417448	1	1.9
289.5	1.047843	2.195131	0.969363	1.414447	1	1.9
290	1.032167	2.199525	0.993318	1.413125	1	1.9
290.5	1.016624	2.202208	1.017765	1.413514	1	1.9
291	1.001302	2.203193	1.04262	1.415647	1	1.9
291.5	0.986278	2.202506	1.067787	1.419559	1	1.9
292	0.971625	2.200185	1.09316	1.425281	1	1.9
292.5	0.957407	2.196281	1.118622	1.432847	1	1.9
293	0.943685	2.190852	1.144045	1.442288	1	1.9
293.5	0.930508	2.183967	1.16929	1.453632	1	1.9
294	0.917922	2.175702	1.194207	1.466904	1	1.9
294.5	0.905966	2.166138	1.218636	1.482126	1	1.9
295	0.894673	2.155362	1.242408	1.499313	1	1.9
295.5	0.88407	2.143467	1.265346	1.518472	1	1.9
296	0.87418	2.130545	1.287265	1.539603	1	1.9
296.5	0.865021	2.116692	1.307977	1.562693	1	1.9
297	0.856607	2.102006	1.327292	1.58772	1	1.9
297.5	0.848948	2.086583	1.345019	1.614643	1	1.9
298	0.842051	2.07052	1.360971	1.643406	1	1.9
298.5	0.835921	2.053911	1.37497	1.673937	1	1.9
299	0.830557	2.03685	1.386844	1.706139	1	1.9
299.5	0.825961	2.019428	1.396441	1.739895	1	1.9
300	0.82213	2.001733	1.403624	1.775064	1	1.9
300.5	0.819058	1.983851	1.408278	1.811481	1	1.9
301	0.816742	1.965864	1.410315	1.848955	1	1.9
301.5	0.815173	1.947851	1.409676	1.887271	1	1.9
302	0.814345	1.929887	1.406331	1.926189	1	1.9
302.5	0.814248	1.912045	1.400286	1.965447	1	1.9
303	0.814873	1.894393	1.39158	2.004766	1	1.9
303.5	0.81621	1.876996	1.380288	2.043849	1	1.9
304	0.818247	1.859916	1.366517	2.082387	1	1.9
304.5	0.820973	1.84321	1.350408	2.120066	1	1.9
305	0.824375	1.826935	1.332128	2.156571	1	1.9
305.5	0.828439	1.811141	1.311873	2.19159	1	1.9
306	0.833153	1.795879	1.289859	2.224823	1	1.9
306.5	0.838499	1.781192	1.266317	2.255987	1	1.9
307	0.844463	1.767126	1.24149	2.284821	1	1.9
307.5	0.851027	1.75372	1.215627	2.31109	1	1.9
308	0.858174	1.741013	1.188978	2.334592	1	1.9
308.5	0.865882	1.72904	1.161789	2.355159	1	1.9
309	0.874131	1.717834	1.134296	2.372658	1	1.9
309.5	0.882898	1.707427	1.106724	2.386998	1	1.9
310	0.892158	1.697849	1.079285	2.398121	1	1.9
310.5	0.901886	1.689126	1.052168	2.406011	1	1.9
311	0.912052	1.681285	1.025549	2.410685	1	1.9
311.5	0.922625	1.674347	0.999581	2.412192	1	1.9
312	0.933573	1.668336	0.974397	2.410615	1	1.9
312.5	0.944861	1.663271	0.950111	2.40606	1	1.9
313	0.956449	1.659171	0.926818	2.398659	1	1.9
313.5	0.968297	1.656051	0.904596	2.388559	1	1.9
314	0.980362	1.653925	0.883504	2.375928	1	1.9
314.5	0.992598	1.652806	0.863589	2.360941	1	1.9
315	1.004955	1.652705	0.844885	2.343785	1	1.9
315.5	1.017383	1.653628	0.827411	2.32465	1	1.9
316	1.029826	1.65558	0.811179	2.303729	1	1.9
316.5	1.042227	1.658566	0.796192	2.281215	1	1.9
317	1.054528	1.662583	0.782447	2.257299	1	1.9
317.5	1.066668	1.66763	0.769934	2.232168	1	1.9
318	1.078582	1.673698	0.758639	2.206004	1	1.9
318.5	1.090207	1.680778	0.748544	2.178981	1	1.9
319	1.101476	1.688854	0.739631	2.151266	1	1.9
319.5	1.112324	1.697909	0.731878	2.12302	1	1.9
320	1.122684	1.707917	0.725264	2.094392	1	1.9
320.5	1.13249	1.718852	0.719765	2.065525	1	1.9
321	1.141677	1.730678	0.715359	2.036552	1	1.9
321.5	1.150183	1.743357	0.712025	2.007597	1	1.9
322	1.157947	1.756844	0.709742	1.978776	1	1.9
322.5	1.164912	1.771088	0.708488	1.950196	1	1.9
323	1.171026	1.786032	0.708244	1.921957	1	1.9
323.5	1.17624	1.801612	0.708993	1.894151	1	1.9
324	1.180513	1.817759	0.710717	1.866863	1	1.9
324.5	1.183807	1.834399	0.713399	1.840171	1	1.9
325	1.186094	1.851449	0.717025	1.814146	1	1.9
325.5	1.187352	1.868823	0.721579	1.788856	1	1.9
326	1.187568	1.88643	0.727049	1.76436	1	1.9
326.5	1.186736	1.904174	0.733421	1.740716	1	1.9
327	1.184859	1.921954	0.740682	1.717973	1	1.9
327.5	1.18195	1.939668	0.74882	1.696181	1	1.9
328	1.178028	1.957211	0.757821	1.675383	1	1.9
328.5	1.173124	1.974477	0.767673	1.65562	1	1.9
329	1.167274	1.991359	0.77836	1.63693	1	1.9
329.5	1.160524	2.007752	0.789869	1.61935	1	1.9
330	1.152925	2.023554	0.802182	1.602914	1	1.9
330.5	1.144536	2.038665	0.815281	1.587652	1	1.9
331	1.135422	2.052989	0.829146	1.573597	1	1.9
331.5	1.125652	2.066438	0.843753	1.560776	1	1.9
332	1.115297	2.078928	0.859077	1.549219	1	1.9
332.5	1.104436	2.090384	0.875088	1.538953	1	1.9
333	1.093144	2.100738	0.891753	1.530005	1	1.9
333.5	1.0815	2.109933	0.909034	1.5224	1	1.9
334	1.069584	2.11792	0.92689	1.516165	1	1.9
334.5	1.057473	2.124659	0.945273	1.511324	1	1.9
335	1.045244	2.130123	0.964129	1.507902	1	1.9
335.5	1.032971	2.134292	0.983401	1.505923	1	1.9
336	1.020725	2.137159	1.003024	1.50541	1	1.9
336.5	1.008574	2.138723	1.022924	1.506385	1	1.9
337	0.996582	2.138998	1.043026	1.50887	1	1.9
337.5	0.98481	2.138001	1.063242	1.512883	1	1.9
338	0.973311	2.135761	1.083481	1.518443	1	1.9
338.5	0.962139	2.132314	1.103644	1.525564	1	1.9
339	0.951339	2.127703	1.123625	1.534258	1	1.9
339.5	0.940953	2.121977	1.143312	1.544533	1	1.9
340	0.931019	2.115192	1.162588	1.556393	1	1.9
340.5	0.921571	2.107407	1.181328	1.569837	1	1.9
341	0.912637	2.098686	1.199406	1.584855	1	1.9
341.5	0.904243	2.089095	1.216691	1.601433	1	1.9
342	0.89641	2.078705	1.233051	1.619547	1	1.9
342.5	0.889158	2.067586	1.248354	1.639164	1	1.9
343	0.882499	2.055812	1.262469	1.66024	1	1.9
343.5	0.876448	2.043455	1.275268	1.68272	1	1.9
344	0.871012	2.030589	1.286628	1.706535	1	1.9
344.5	0.866199	2.017287	1.296435	1.731604	1	1.9
345	0.862013	2.003621	1.304583	1.757831	1	1.9
345.5	0.858456	1.989663	1.31098	1.785105	1	1.9
346	0.855531	1.975482	1.315545	1.8133	1	1.9
346.5	0.853234	1.961145	1.318216	1.842273	1	1.9
347	0.851565	1.94672	1.318948	1.871869	1	1.9
347.5	0.850518	1.93227	1.317714	1.901917	1	1.9
348	0.850089	1.917857	1.314511	1.932233	1	1.9
348.5	0.850272	1.903539	1.309352	1.962621	1	1.9
349	0.851059	1.889374	1.302277	1.992877	1	1.9
349.5	0.852441	1.875416	1.293344	2.02279	1	1.9
350	0.854409	1.861717	1.282632	2.052142	1	1.9
350.5	0.856952	1.848327	1.27024	2.080717	1	1.9
351	0.860059	1.835293	1.256285	2.1083	1	1.9
351.5	0.863717	1.822658	1.240898	2.134681	1	1.9
352	0.867911	1.810467	1.224224	2.159659	1	1.9
352.5	0.872629	1.798757	1.206418	2.183045	1	1.9
353	0.877852	1.787568	1.187642	2.204666	1	1.9
353.5	0.883565	1.776934	1.168062	2.224365	1	1.9
354	0.889748	1.766889	1.147847	2.242008	1	1.9
354.5	0.896383	1.757464	1.127163	2.257479	1	1.9
355	0.903446	1.748688	1.106173	2.270688	1	1.9
355.5	0.910917	1.740588	1.085035	2.281569	1	1.9
356	0.918771	1.73319	1.063897	2.290079	1	1.9
356.5	0.926981	1.726517	1.0429	2.2962	1	1.9
357	0.935519	1.72059	1.022172	2.299935	1	1.9
357.5	0.944358	1.715429	1.00183	2.301311	1	1.9
358	0.953464	1.711051	0.981982	2.300375	1	1.9
358.5	0.962806	1.707471	0.96272	2.297191	1	1.9
359	0.972347	1.704704	0.944128	2.291841	1	1.9
359.5	0.982052	1.702761	0.926275	2.28442	1	1.9
360	0.99188	1.701651	0.909221	2.275037	1	1.9
360.5	1.001792	1.701381	0.893016	2.263808	1	1.9
361	1.011745	1.701957	0.8777	2.250861	1	1.9
361.5	1.021695	1.70338	0.863304	2.236325	1	1.9
362	1.031597	1.705652	0.849851	2.220336	1	1.9
362.5	1.041402	1.708768	0.83736	2.203033	1	1.9
363	1.051064	1.712724	0.825841	2.184552	1	1.9
363.5	1.060533	1.717511	0.8153	2.165033	1	1.9
364	1.069759	1.723116	0.805739	2.144609	1	1.9
364.5	1.078692	1.729525	0.797155	2.123415	1	1.9
365	1.087283	1.736719	0.789544	2.101579	1	1.9
365.5	1.09548	1.744676	0.782899	2.079227	1	1.9
366	1.103236	1.753368	0.777209	2.056478	1	1.9
366.5	1.110502	1.762766	0.772465	2.033448	1	1.9
367	1.117234	1.772835	0.768654	2.010246	1	1.9
367.5	1.123386	1.783536	0.765765	1.986975	1	1.9
368	1.128918	1.794826	0.763783	1.963735	1	1.9
368.5	1.133792	1.806658	0.762696	1.940619	1	1.9
369	1.137973	1.81898	0.76249	1.917712	1	1.9
369.5	1.141432	1.831736	0.763152	1.895097	1	1.9
370	1.144143	1.844866	0.764668	1.872852	1	1.9
370.5	1.146085	1.858306	0.767023	1.851046	1	1.9
371	1.147243	1.87199	0.770205	1.829748	1	1.9
371.5	1.147607	1.885846	0.774199	1.80902	1	1.9
372	1.147173	1.899801	0.778992	1.788919	1	1.9
372.5	1.145943	1.91378	0.784569	1.769501	1	1.9
373	1.143925	1.927706	0.790916	1.750815	1	1.9
373.5	1.141133	1.941499	0.798017	1.732909	1	1.9
374	1.137587	1.95508	0.805856	1.715827	1	1.9
374.5	1.133311	1.968372	0.814417	1.699611	1	1.9
375	1.128338	1.981295	0.823682	1.684298	1	1.9
375.5	1.122703	1.993774	0.83363	1.669925	1	1.9
376	1.116447	2.005735	0.844241	1.656526	1	1.9
376.5	1.109614	2.017107	0.855492	1.644133	1	1.9
377	1.102253	2.027824	0.867358	1.632777	1	1.9
377.5	1.094415	2.037822	0.87981	1.622485	1	1.9
378	1.086154	2.047046	0.89282	1.613285	1	1.9
378.5	1.077527	2.055442	0.906354	1.605202	1	1.9
379	1.068589	2.062967	0.920376	1.598261	1	1.9
379.5	1.059399	2.06958	0.934845	1.592484	1	1.9
380	1.050013	2.07525	0.949718	1.587892	1	1.9
380.5	1.040491	2.079952	0.964947	1.584506	1	1.9
381	1.030887	2.083667	0.980481	1.582344	1	1.9
381.5	1.021256	2.086385	0.996265	1.581423	1	1.9
382	1.011652	2.088102	1.012237	1.581758	1	1.9
382.5	1.002126	2.088821	1.028332	1.583362	1	1.9
383	0.992725	2.08855	1.044482	1.586247	1	1.9
383.5	0.983495	2.087307	1.060613	1.59042	1	1.9
384	0.974479	2.085114	1.076647	1.595888	1	1.9
384.5	0.965717	2.081996	1.092502	1.602653	1	1.9
385	0.957246	2.077988	1.108093	1.610712	1	1.9
385.5	0.949099	2.073125	1.12333	1.620061	1	1.9
386	0.941308	2.06745	1.138123	1.630688	1	1.9
386.5	0.933898	2.061006	1.152378	1.642578	1	1.9
387	0.926896	2.053842	1.166	1.655709	1	1.9
387.5	0.920323	2.046009	1.178895	1.670052	1	1.9
388	0.914198	2.037558	1.190968	1.685572	1	1.9
388.5	0.908537	2.028545	1.202128	1.702225	1	1.9
389	0.903354	2.019023	1.212284	1.71996	1	1.9
389.5	0.898662	2.00905	1.221353	1.738716	1	1.9
390	0.894468	1.998683	1.229254	1.758422	1	1.9
390.5	0.890781	1.987977	1.235916	1.779	1	1.9
391	0.887606	1.976989	1.241273	1.80036	1	1.9
391.5	0.884946	1.965775	1.245272	1.822403	1	1.9
392	0.882803	1.95439	1.247869	1.845021	1	1.9
392.5	0.881179	1.942888	1.249031	1.868095	1	1.9
393	0.880071	1.931322	1.248739	1.891498	1	1.9
393.5	0.879477	1.919743	1.246987	1.915098	1	1.9
394	0.879393	1.908201	1.243781	1.938751	1	1.9
394.5	0.879814	1.896744	1.239144	1.962311	1	1.9
395	0.880734	1.88542	1.233111	1.985627	1	1.9
395.5	0.882146	1.874272	1.225729	2.008547	1	1.9
396	0.88404	1.863345	1.217062	2.030915	1	1.9
396.5	0.886408	1.852679	1.207181	2.05258	1	1.9
397	0.889238	1.842313	1.196171	2.073392	1	1.9
397.5	0.892519	1.832285	1.184126	2.093207	1	1.9
398	0.896237	1.822631	1.171148	2.111889	1	1.9
398.5	0.900378	1.813384	1.157343	2.129311	1	1.9
399	0.904927	1.804576	1.142826	2.145355	1	1.9
399.5	0.909868	1.796237	1.12771	2.159919	1	1.9
400	0.915182	1.788395	1.112113	2.172912	1	1.9
400.5	0.920851	1.781076	1.096151	2.184258	1	1.9
401	0.926855	1.774306	1.079938	2.193896	1	1.9
401.5	0.933172	1.768105	1.063585	2.201783	1	1.9
402	0.939779	1.762496	1.047199	2.20789	1	1.9
402.5	0.946652	1.757497	1.030881	2.212203	1	1.9
403	0.953765	1.753126	1.014727	2.214724	1	1.9
403.5	0.961092	1.749397	0.998824	2.215472	1	1.9
404	0.968604	1.746323	0.983254	2.214476	1	1.9
404.5	0.976271	1.743917	0.968091	2.21178	1	1.9
405	0.984063	1.742188	0.953401	2.207439	1	1.9
405.5	0.991947	1.741143	0.939243	2.201517	1	1.9
406	0.999889	1.740787	0.925668	2.194089	1	1.9
406.5	1.007856	1.741124	0.912722	2.185236	1	1.9
407	1.01581	1.742155	0.900442	2.175047	1	1.9
407.5	1.023717	1.743878	0.888862	2.163614	1	1.9
408	1.031537	1.746289	0.878006	2.151034	1	1.9
408.5	1.039234	1.749383	0.867898	2.137406	1	1.9
409	1.046769	1.753149	0.858553	2.122832	1	1.9
409.5	1.054104	1.757578	0.849985	2.107413	1	1.9
410	1.061199	1.762653	0.842201	2.091251	1	1.9
410.5	1.068017	1.768359	0.835208	2.074447	1	1.9
411	1.07452	1.774674	0.829008	2.057099	1	1.9
411.5	1.080671	1.781575	0.823601	2.039304	1	1.9
412	1.086434	1.789037	0.818987	2.021157	1	1.9
412.5	1.091776	1.797028	0.81516	2.002748	1	1.9
413	1.096664	1.805518	0.812116	1.984167	1	1.9
413.5	1.101068	1.814469	0.809848	1.965497	1	1.9
414	1.10496	1.823843	0.808349	1.946819	1	1.9
414.5	1.108315	1.833597	0.80761	1.928211	1	1.9
415	1.111112	1.843688	0.807621	1.909746	1	1.9
415.5	1.113332	1.854066	0.808373	1.891494	1	1.9
416	1.11496	1.864683	0.809854	1.873521	1	1.9
416.5	1.115985	1.875485	0.812053	1.85589	1	1.9
417	1.1164	1.886417	0.814958	1.838659	1	1.9
417.5	1.116202	1.897424	0.818556	1.821885	1	1.9
418	1.115391	1.908446	0.822833	1.805619	1	1.9
418.5	1.113975	1.919426	0.827775	1.789911	1	1.9
419	1.111962	1.930303	0.833366	1.774807	1	1.9
419.5	1.109366	1.941018	0.839591	1.760351	1	1.9
420	1.106205	1.951511	0.846432	1.746583	1	1.9
420.5	1.102501	1.961724	0.85387	1.733541	1	1.9
421	1.098279	1.9716	0.861886	1.721262	1	1.9
421.5	1.093568	1.981083	0.870458	1.709779	1	1.9
422	1.088399	1.990119	0.879563	1.699123	1	1.9
422.5	1.082809	1.998659	0.889177	1.689325	1	1.9
423	1.076833	2.006655	0.899272	1.680411	1	1.9
423.5	1.07051	2.014063	0.90982	1.672407	1	1.9
424	1.063881	2.020843	0.920789	1.665337	1	1.9
424.5	1.056988	2.026961	0.932145	1.659222	1	1.9
425	1.049873	2.032385	0.943853	1.654084	1	1.9
425.5	1.04258	2.037089	0.955873	1.649941	1	1.9
426	1.035151	2.041053	0.968163	1.646809	1	1.9
426.5	1.027629	2.044259	0.980678	1.644703	1	1.9
427	1.020056	2.046698	0.993372	1.643635	1	1.9
427.5	1.012474	2.048363	1.006194	1.643616	1	1.9
428	1.004922	2.049254	1.019089	1.644655	1	1.9
428.5	0.997438	2.049374	1.032002	1.646757	1	1.9
429	0.99006	2.048733	1.044873	1.649926	1	1.9
429.5	0.982823	2.047343	1.057641	1.654161	1	1.9
430	0.975759	2.045222	1.070243	1.659459	1	1.9
430.5	0.968899	2.042393	1.082611	1.665814	1	1.9
431	0.962273	2.038879	1.094679	1.673216	1	1.9
431.5	0.955907	2.034711	1.106377	1.681651	1	1.9
432	0.949825	2.029919	1.117636	1.691098	1	1.9
432.5	0.94405	2.024537	1.128387	1.701535	1	1.9
433	0.938603	2.018604	1.138559	1.712933	1	1.9
433.5	0.9335	2.012157	1.148085	1.725257	1	1.9
434	0.928758	2.005237	1.156899	1.738467	1	1.9
434.5	0.924392	1.997886	1.164937	1.752517	1	1.9
435	0.920413	1.990146	1.172139	1.767354	1	1.9
435.5	0.916831	1.982061	1.17845	1.782919	1	1.9
436	0.913654	1.973676	1.183818	1.799147	1	1.9
436.5	0.91089	1.965034	1.188199	1.815966	1	1.9
437	0.908543	1.95618	1.191555	1.833296	1	1.9
437.5	0.906618	1.947158	1.193856	1.851054	1	1.9
438	0.905115	1.938011	1.195078	1.869149	1	1.9
438.5	0.904036	1.928783	1.195208	1.887484	1	1.9
439	0.90338	1.919516	1.194241	1.90596	1	1.9
439.5	0.903145	1.910251	1.192179	1.92447	1	1.9
440	0.903328	1.901028	1.189038	1.942908	1	1.9
440.5	0.903924	1.891886	1.184839	1.961162	1	1.9
441	0.904927	1.882863	1.179613	1.97912	1	1.9
441.5	0.906332	1.873997	1.173402	1.996672	1	1.9
442	0.90813	1.865322	1.166253	2.013706	1	1.9
442.5	0.910313	1.856871	1.158222	2.030115	1	1.9
443	0.912869	1.848678	1.149372	2.045793	1	1.9
443.5	0.915789	1.840774	1.139772	2.060641	1	1.9
444	0.91906	1.833187	1.129495	2.074565	1	1.9
444.5	0.922669	1.825945	1.118618	2.087478	1	1.9
445	0.926602	1.819075	1.107223	2.099301	1	1.9
445.5	0.930842	1.812601	1.095392	2.109965	1	1.9
446	0.935375	1.806547	1.083207	2.11941	1	1.9
446.5	0.940182	1.800933	1.070751	2.127585	1	1.9
447	0.945245	1.79578	1.058107	2.134452	1	1.9
447.5	0.950544	1.791106	1.045355	2.13998	1	1.9
448	0.956059	1.786928	1.032572	2.144153	1	1.9
448.5	0.961767	1.783259	1.019832	2.146964	1	1.9
449	0.967647	1.780114	1.007207	2.148414	1	1.9
449.5	0.973673	1.777503	0.994761	2.148518	1	1.9
450	0.979822	1.775437	0.982557	2.147298	1	1.9
450.5	0.986067	1.773923	0.970652	2.144784	1	1.9
451	0.992382	1.772967	0.959098	2.141017	1	1.9
451.5	0.99874	1.772574	0.947943	2.136044	1	1.9
452	1.005112	1.772744	0.93723	2.129917	1	1.9
452.5	1.011469	1.773479	0.926995	2.122695	1	1.9
453	1.017783	1.774777	0.917273	2.114442	1	1.9
453.5	1.024023	1.776634	0.908093	2.105226	1	1.9
454	1.03016	1.779043	0.899479	2.095117	1	1.9
454.5	1.036163	1.781996	0.891453	2.08419	1	1.9
455	1.042003	1.785483	0.884032	2.072519	1	1.9
455.5	1.047648	1.789491	0.877231	2.060181	1	1.9
456	1.053071	1.794005	0.871061	2.047252	1	1.9
456.5	1.058242	1.799006	0.86553	2.03381	1	1.9
457	1.063133	1.804475	0.860645	2.019929	1	1.9
457.5	1.067718	1.81039	0.856409	2.005686	1	1.9
458	1.07197	1.816726	0.852824	1.991154	1	1.9
458.5	1.075865	1.823456	0.84989	1.976404	1	1.9
459	1.079381	1.83055	0.847605	1.961509	1	1.9
459.5	1.082498	1.837976	0.845967	1.946534	1	1.9
460	1.085197	1.845701	0.84497	1.931547	1	1.9
460.5	1.087461	1.853688	0.844609	1.91661	1	1.9
461	1.089278	1.8619	0.844877	1.901785	1	1.9
461.5	1.090635	1.870297	0.845766	1.887128	1	1.9
462	1.091526	1.878838	0.847267	1.872697	1	1.9
462.5	1.091945	1.887479	0.84937	1.858543	1	1.9
463	1.091889	1.896178	0.852064	1.844718	1	1.9
463.5	1.09136	1.904888	0.855336	1.831269	1	1.9
464	1.090361	1.913565	0.859175	1.818241	1	1.9
464.5	1.088898	1.922164	0.863566	1.805677	1	1.9
465	1.086983	1.930638	0.868494	1.793618	1	1.9
465.5	1.084627	1.938942	0.873942	1.782102	1	1.9
466	1.081847	1.947032	0.879893	1.771165	1	1.9
466.5	1.07866	1.954864	0.886328	1.76084	1	1.9
467	1.075088	1.962395	0.893228	1.751159	1	1.9
467.5	1.071153	1.969586	0.900569	1.742152	1	1.9
468	1.066881	1.976397	0.90833	1.733846	1	1.9
468.5	1.062298	1.982792	0.916486	1.726266	1	1.9
469	1.057434	1.988738	0.925009	1.719437	1	1.9
469.5	1.052317	1.994205	0.933872	1.713379	1	1.9
470	1.04698	1.999163	0.943044	1.708113	1	1.9
470.5	1.041454	2.003589	0.952494	1.703656	1	1.9
471	1.035771	2.007462	0.962187	1.700024	1	1.9
471.5	1.029964	2.010765	0.972087	1.697232	1	1.9
472	1.024065	2.013483	0.982156	1.69529	1	1.9
472.5	1.018107	2.015608	0.992354	1.69421	1	1.9
473	1.012121	2.017131	1.002639	1.693997	1	1.9
473.5	1.006139	2.018052	1.012967	1.694658	1	1.9
474	1.000191	2.018371	1.023293	1.696195	1	1.9
474.5	0.994307	2.018093	1.033568	1.698608	1	1.9
475	0.988515	2.017226	1.043744	1.701896	1	1.9
475.5	0.982842	2.015781	1.053772	1.706051	1	1.9
476	0.977313	2.013772	1.063598	1.711066	1	1.9
476.5	0.971952	2.011218	1.073173	1.716928	1	1.9
477	0.966783	2.008138	1.082442	1.723623	1	1.9
477.5	0.961825	2.004556	1.091355	1.731131	1	1.9
478	0.9571	2.000495	1.099858	1.73943	1	1.9
478.5	0.952623	1.995983	1.1079	1.748491	1	1.9
479	0.948413	1.991048	1.115431	1.758285	1	1.9
479.5	0.944482	1.985722	1.122404	1.768775	1	1.9
480	0.940845	1.980035	1.128771	1.779921	1	1.9
480.5	0.937512	1.97402	1.134491	1.791679	1	1.9
481	0.934494	1.967711	1.139522	1.804	1	1.9
481.5	0.931799	1.961142	1.143829	1.816831	1	1.9
482	0.929435	1.954347	1.14738	1.830112	1	1.9
482.5	0.927406	1.947363	1.150149	1.843781	1	1.9
483	0.925717	1.940222	1.152113	1.857773	1	1.9
483.5	0.924371	1.932962	1.153257	1.872016	1	1.9
484	0.923369	1.925615	1.15357	1.886438	1	1.9
484.5	0.922713	1.918217	1.153049	1.90096	1	1.9
485	0.922401	1.910801	1.151697	1.915505	1	1.9
485.5	0.922432	1.9034	1.149521	1.929991	1	1.9
486	0.922802	1.896047	1.146536	1.944335	1	1.9
486.5	0.923507	1.888773	1.142765	1.958454	1	1.9
487	0.924543	1.881609	1.138235	1.972267	1	1.9
487.5	0.925903	1.874585	1.132978	1.985691	1	1.9
488	0.92758	1.867729	1.127033	1.998646	1	1.9
488.5	0.929565	1.861068	1.120444	2.011055	1	1.9
489	0.93185	1.854629	1.113257	2.022844	1	1.9
489.5	0.934425	1.848437	1.105525	2.033943	1	1.9
490	0.937277	1.842515	1.097302	2.044287	1	1.9
490.5	0.940396	1.836887	1.088644	2.053815	1	1.9
491	0.943768	1.831574	1.079612	2.062476	1	1.9
491.5	0.94738	1.826594	1.070264	2.07022	1	1.9
492	0.951216	1.821968	1.060662	2.07701	1	1.9
492.5	0.955261	1.817712	1.050866	2.08281	1	1.9
493	0.959499	1.813841	1.040936	2.087597	1	1.9
493.5	0.963911	1.81037	1.030931	2.091351	1	1.9
494	0.96848	1.807311	1.020909	2.094063	1	1.9
494.5	0.973186	1.804677	1.010924	2.09573	1	1.9
495	0.978011	1.802475	1.001029	2.096355	1	1.9
495.5	0.982932	1.800716	0.991274	2.095951	1	1.9
496	0.98793	1.799404	0.981707	2.094533	1	1.9
496.5	0.992983	1.798545	0.97237	2.092128	1	1.9
497	0.998067	1.798143	0.963306	2.088764	1	1.9
497.5	1.00316	1.798198	0.954552	2.084476	1	1.9
498	1.00824	1.79871	0.946142	2.079304	1	1.9
498.5	1.013282	1.799679	0.938107	2.073292	1	1.9
499	1.018263	1.801099	0.930475	2.066488	1	1.9
499.5	1.023159	1.802966	0.92327	2.058943	1	1.9
500	1.027946	1.805272	0.916515	2.050708	1	1.9
